6.615268040000000127e+00 -8.851993560791015625e+01 -2.771098022460937500e+02 -1.558495025634765625e+02 7.848789215087890625e+01 3.769471359252929688e+01 2.788226318359375000e+01
6.641476820000000281e+00 -8.639217376708984375e+01 -2.761534729003906250e+02 -1.548024444580078125e+02 7.857350158691406250e+01 3.944647216796875000e+01 2.894194793701171875e+01
6.667689909999999998e+00 -8.416380310058593750e+01 -2.749883728027343750e+02 -1.540121307373046875e+02 7.878843688964843750e+01 4.093972015380859375e+01 2.965219116210937500e+01
6.693908060000000049e+00 -8.213650512695312500e+01 -2.737693176269531250e+02 -1.531510162353515625e+02 7.905955505371093750e+01 4.231727600097656250e+01 3.010919761657714844e+01
6.720129069999999594e+00 -7.999610900878906250e+01 -2.726421813964843750e+02 -1.523394012451171875e+02 7.979141235351562500e+01 4.387313842773437500e+01 3.032976150512695312e+01
6.746353700000000231e+00 -7.776305389404296875e+01 -2.713548583984375000e+02 -1.517076263427734375e+02 8.138170623779296875e+01 4.666490554809570312e+01 2.896972656250000000e+01
6.772582719999999945e+00 -7.567129516601562500e+01 -2.699827575683593750e+02 -1.510716400146484375e+02 8.087491607666015625e+01 4.948425292968750000e+01 2.872927856445312500e+01
6.798813939999999612e+00 -7.371581268310546875e+01 -2.686087646484375000e+02 -1.502924346923828125e+02 8.024176025390625000e+01 5.083213043212890625e+01 3.012351036071777344e+01
6.825048129999999880e+00 -7.173050689697265625e+01 -2.672458190917968750e+02 -1.493773956298828125e+02 7.928033447265625000e+01 5.096714401245117188e+01 3.202148437500000000e+01
6.851285060000000371e+00 -6.984220886230468750e+01 -2.660296936035156250e+02 -1.482005462646484375e+02 7.832698059082031250e+01 5.116472244262695312e+01 3.460663986206054688e+01
6.877525490000000019e+00 -6.751011657714843750e+01 -2.643315429687500000e+02 -1.474590454101562500e+02 7.814986419677734375e+01 5.115253448486328125e+01 3.686387634277343750e+01
6.903767260000000405e+00 -6.537554168701171875e+01 -2.629394836425781250e+02 -1.462864837646484375e+02 7.940991973876953125e+01 5.106578063964843750e+01 3.858638763427734375e+01
6.930011109999999697e+00 -6.284118652343750000e+01 -2.615177307128906250e+02 -1.452415466308593750e+02 8.222113037109375000e+01 5.241059112548828125e+01 3.910413360595703125e+01
6.956256849999999936e+00 -6.044797134399414062e+01 -2.599006042480468750e+02 -1.443253631591796875e+02 8.374555206298828125e+01 5.587460327148437500e+01 3.851712799072265625e+01
6.982505230000000118e+00 -5.828895187377929688e+01 -2.581673583984375000e+02 -1.434255828857421875e+02 8.273345947265625000e+01 5.958924102783203125e+01 3.798743438720703125e+01
7.008755070000000309e+00 -5.623487854003906250e+01 -2.564616088867187500e+02 -1.423081359863281250e+02 8.000878906250000000e+01 6.164922332763671875e+01 3.963983535766601562e+01
7.035004190000000435e+00 -5.424063873291015625e+01 -2.548034210205078125e+02 -1.410612335205078125e+02 7.793638610839843750e+01 6.228247070312500000e+01 4.296485519409179688e+01
7.061256300000000152e+00 -5.211970138549804688e+01 -2.532704925537109375e+02 -1.397499389648437500e+02 7.616596984863281250e+01 6.354088973999023438e+01 4.594551849365234375e+01
7.087508259999999893e+00 -4.991745376586914062e+01 -2.515922698974609375e+02 -1.383428497314453125e+02 7.582266235351562500e+01 6.533296966552734375e+01 4.783508300781250000e+01
7.113761809999999741e+00 -4.769312286376953125e+01 -2.499604187011718750e+02 -1.372865753173828125e+02 7.871024322509765625e+01 6.557856750488281250e+01 4.920676040649414062e+01
7.140014790000000389e+00 -4.536445617675781250e+01 -2.482798461914062500e+02 -1.359556884765625000e+02 8.137725830078125000e+01 6.530767059326171875e+01 4.936612319946289062e+01
7.166267979999999760e+00 -4.307989120483398438e+01 -2.466394042968750000e+02 -1.347688446044921875e+02 8.219820404052734375e+01 6.664099121093750000e+01 4.834938812255859375e+01
7.192522150000000281e+00 -4.086447906494140625e+01 -2.448184204101562500e+02 -1.334839324951171875e+02 8.192053985595703125e+01 6.724147033691406250e+01 4.827178955078125000e+01
7.218774149999999779e+00 -3.863380813598632812e+01 -2.429610290527343750e+02 -1.323128967285156250e+02 8.157308197021484375e+01 6.861408996582031250e+01 4.849136352539062500e+01
7.245027709999999566e+00 -3.665957260131835938e+01 -2.409346313476562500e+02 -1.311400451660156250e+02 8.050778961181640625e+01 7.041249084472656250e+01 4.919012069702148438e+01
7.271280670000000335e+00 -3.465128707885742188e+01 -2.389247741699218750e+02 -1.298708343505859375e+02 7.979479217529296875e+01 7.230746459960937500e+01 4.961782455444335938e+01
7.297531840000000436e+00 -3.247555160522460938e+01 -2.368504791259765625e+02 -1.289741973876953125e+02 7.925776672363281250e+01 7.438737487792968750e+01 4.946628570556640625e+01
7.323781999999999570e+00 -3.040050125122070312e+01 -2.347701110839843750e+02 -1.275408248901367188e+02 7.938914489746093750e+01 7.578617858886718750e+01 4.960886383056640625e+01
7.350030959999999780e+00 -2.827950859069824219e+01 -2.326747894287109375e+02 -1.263019714355468750e+02 8.048398590087890625e+01 7.672483062744140625e+01 5.057048797607421875e+01
7.376279509999999817e+00 -2.602804946899414062e+01 -2.305643920898437500e+02 -1.251363449096679688e+02 8.448088836669921875e+01 7.825332641601562500e+01 5.561371994018554688e+01
7.402525480000000435e+00 -2.379126358032226562e+01 -2.282381591796875000e+02 -1.238803024291992188e+02 8.369500732421875000e+01 8.074206542968750000e+01 5.557518768310546875e+01
7.428769670000000325e+00 -2.148467636108398438e+01 -2.259118499755859375e+02 -1.226315841674804688e+02 8.689492797851562500e+01 8.214904785156250000e+01 5.792497253417968750e+01
7.455011869999999874e+00 -1.942685127258300781e+01 -2.234982910156250000e+02 -1.216014328002929688e+02 8.295844268798828125e+01 8.514308929443359375e+01 5.323174285888671875e+01
7.481252890000000377e+00 -1.740588951110839844e+01 -2.209993438720703125e+02 -1.203706054687500000e+02 8.111711883544921875e+01 8.743396759033203125e+01 5.190791320800781250e+01
7.507490559999999924e+00 -1.544987106323242188e+01 -2.184743194580078125e+02 -1.190182342529296875e+02 7.865815734863281250e+01 8.795565032958984375e+01 5.342538452148437500e+01
7.533726660000000130e+00 -1.331645584106445312e+01 -2.159325256347656250e+02 -1.174995040893554688e+02 7.820591735839843750e+01 9.153723907470703125e+01 5.796855163574218750e+01
7.559959039999999852e+00 -1.113654422760009766e+01 -2.133506622314453125e+02 -1.159453430175781250e+02 7.724718475341796875e+01 9.223105621337890625e+01 5.704422760009765625e+01
7.586188489999999618e+00 -8.958710670471191406e+00 -2.108170166015625000e+02 -1.142997512817382812e+02 7.782710266113281250e+01 9.585827636718750000e+01 6.006797409057617188e+01
7.612414829999999633e+00 -6.806392669677734375e+00 -2.083017272949218750e+02 -1.125270690917968750e+02 7.905334472656250000e+01 9.771195220947265625e+01 6.410327148437500000e+01
7.638638860000000363e+00 -4.663515090942382812e+00 -2.058003997802734375e+02 -1.108438491821289062e+02 7.933755493164062500e+01 9.989253997802734375e+01 6.608856964111328125e+01
7.664857439999999578e+00 -2.556043624877929688e+00 -2.033297424316406250e+02 -1.090234680175781250e+02 8.017717742919921875e+01 1.011884155273437500e+02 6.368636322021484375e+01
7.691074320000000242e+00 -3.009554147720336914e-01 -2.006808319091796875e+02 -1.074692993164062500e+02 8.075030517578125000e+01 1.033702316284179688e+02 6.376675415039062500e+01
7.717287350000000323e+00 1.812867164611816406e+00 -1.979184112548828125e+02 -1.058464508056640625e+02 8.175841522216796875e+01 1.067015228271484375e+02 6.445294952392578125e+01
7.743495379999999706e+00 3.885847806930541992e+00 -1.951220245361328125e+02 -1.041851577758789062e+02 7.963148498535156250e+01 1.082243881225585938e+02 6.458189392089843750e+01
7.769699199999999806e+00 5.910467147827148438e+00 -1.921423187255859375e+02 -1.024615325927734375e+02 7.839881134033203125e+01 1.118834838867187500e+02 6.598593139648437500e+01
7.795898639999999880e+00 8.007439613342285156e+00 -1.890159759521484375e+02 -1.006870193481445312e+02 7.858224487304687500e+01 1.168250732421875000e+02 6.542390441894531250e+01
7.822093520000000133e+00 1.006051540374755859e+01 -1.857300262451171875e+02 -9.900662231445312500e+01 7.635041046142578125e+01 1.209203414916992188e+02 6.820166015625000000e+01
7.848284650000000084e+00 1.206687927246093750e+01 -1.825509643554687500e+02 -9.704140472412109375e+01 7.621308135986328125e+01 1.238733291625976562e+02 6.869613647460937500e+01
7.874470859999999739e+00 1.409552860260009766e+01 -1.792450256347656250e+02 -9.518193817138671875e+01 7.601698303222656250e+01 1.268267898559570312e+02 6.864923095703125000e+01
7.900650040000000374e+00 1.608413505554199219e+01 -1.758690490722656250e+02 -9.334512329101562500e+01 7.728609466552734375e+01 1.321151275634765625e+02 6.796909332275390625e+01
7.926825919999999748e+00 1.794323348999023438e+01 -1.722685241699218750e+02 -9.155767059326171875e+01 7.365181732177734375e+01 1.342432403564453125e+02 6.975317382812500000e+01
7.952996370000000148e+00 1.975139236450195312e+01 -1.687773895263671875e+02 -8.957874298095703125e+01 7.149180603027343750e+01 1.390288696289062500e+02 7.209468841552734375e+01
7.979160239999999682e+00 2.160250854492187500e+01 -1.650941772460937500e+02 -8.751338958740234375e+01 6.862514495849609375e+01 1.399810333251953125e+02 7.666346740722656250e+01
8.005318360000000411e+00 2.347986030578613281e+01 -1.613412475585937500e+02 -8.547261047363281250e+01 6.959018707275390625e+01 1.425979309082031250e+02 7.766876983642578125e+01
8.031471520000000197e+00 2.542006111145019531e+01 -1.574720764160156250e+02 -8.344940185546875000e+01 7.025042724609375000e+01 1.463839721679687500e+02 8.198133850097656250e+01
8.057616619999999230e+00 2.737718772888183594e+01 -1.535346221923828125e+02 -8.125377655029296875e+01 7.040148162841796875e+01 1.506945037841796875e+02 8.116928863525390625e+01
8.083758389999999849e+00 2.930241775512695312e+01 -1.494968414306640625e+02 -7.916077423095703125e+01 6.981867218017578125e+01 1.549625854492187500e+02 8.245637512207031250e+01
8.109891779999999883e+00 3.113660430908203125e+01 -1.453923797607421875e+02 -7.696537017822265625e+01 6.839643096923828125e+01 1.575249786376953125e+02 8.336212158203125000e+01
8.136018580000000000e+00 3.307063674926757812e+01 -1.412332305908203125e+02 -7.480695343017578125e+01 6.732289123535156250e+01 1.626105041503906250e+02 8.452327728271484375e+01
8.162138620000000344e+00 3.496232986450195312e+01 -1.368319244384765625e+02 -7.259720611572265625e+01 6.627458190917968750e+01 1.645168762207031250e+02 8.379823303222656250e+01
8.188251749999999163e+00 3.657917785644531250e+01 -1.323670806884765625e+02 -7.050128173828125000e+01 6.483959960937500000e+01 1.703571319580078125e+02 8.541139221191406250e+01
8.214358779999999527e+00 3.805023574829101562e+01 -1.278705825805664062e+02 -6.828742218017578125e+01 6.248026275634765625e+01 1.738082580566406250e+02 8.755461883544921875e+01
8.240457609999999988e+00 3.959770965576171875e+01 -1.231239395141601562e+02 -6.602182769775390625e+01 5.823755264282226562e+01 1.795407562255859375e+02 8.902167510986328125e+01
8.266549039999999238e+00 4.111763763427734375e+01 -1.183320083618164062e+02 -6.368431472778320312e+01 5.624167633056640625e+01 1.831952972412109375e+02 9.525440979003906250e+01
8.292632929999999902e+00 4.252244186401367188e+01 -1.136717071533203125e+02 -6.117714309692382812e+01 5.186447906494140625e+01 1.846353607177734375e+02 9.731191253662109375e+01
8.318710100000000551e+00 4.387123107910156250e+01 -1.089141769409179688e+02 -5.848414230346679688e+01 4.949153518676757812e+01 1.861423797607421875e+02 9.871562194824218750e+01
8.344778429999999858e+00 4.506827545166015625e+01 -1.041365661621093750e+02 -5.580454635620117188e+01 4.628399658203125000e+01 1.884491729736328125e+02 1.013568954467773438e+02
8.370839730000000145e+00 4.620538711547851562e+01 -9.925601959228515625e+01 -5.303303909301757812e+01 4.407047653198242188e+01 1.919734191894531250e+02 1.031955261230468750e+02
8.396891889999999137e+00 4.728459930419921875e+01 -9.428201293945312500e+01 -5.023453140258789062e+01 4.202120971679687500e+01 1.957441864013671875e+02 1.058854675292968750e+02
8.422935750000000610e+00 4.832058334350585938e+01 -8.912059020996093750e+01 -4.744932937622070312e+01 3.967758178710937500e+01 2.025301513671875000e+02 1.052729644775390625e+02
8.448971139999999380e+00 4.928009414672851562e+01 -8.360603332519531250e+01 -4.468270874023437500e+01 3.654656219482421875e+01 2.093765258789062500e+02 1.096275787353515625e+02
8.474997930000000679e+00 5.007876968383789062e+01 -7.793386840820312500e+01 -4.185116195678710938e+01 3.193043899536132812e+01 2.157651214599609375e+02 1.131470260620117188e+02
8.501016939999999522e+00 5.078409957885742188e+01 -7.207515716552734375e+01 -3.906625747680664062e+01 2.713549995422363281e+01 2.232585144042968750e+02 1.137910079956054688e+02
8.527026069999999791e+00 5.136475753784179688e+01 -6.599304199218750000e+01 -3.596119689941406250e+01 1.983892822265625000e+01 2.292700042724609375e+02 1.171332092285156250e+02
8.553027119999999428e+00 5.184539031982421875e+01 -5.981393432617187500e+01 -3.276127624511718750e+01 1.567306613922119141e+01 2.380079498291015625e+02 1.207828369140625000e+02
8.579018019999999467e+00 5.208429718017578125e+01 -5.360654067993164062e+01 -2.937365722656250000e+01 4.925022125244140625e+00 2.422060089111328125e+02 1.265583267211914062e+02
8.605000549999999748e+00 5.208740615844726562e+01 -4.716792678833007812e+01 -2.605141067504882812e+01 -2.404517173767089844e+00 2.483627166748046875e+02 1.296365509033203125e+02
8.630972630000000478e+00 5.179120635986328125e+01 -4.057647323608398438e+01 -2.255564689636230469e+01 -1.332119369506835938e+01 2.544508361816406250e+02 1.309192657470703125e+02
8.656935100000000105e+00 5.120900726318359375e+01 -3.378224945068359375e+01 -1.891103935241699219e+01 -2.448363685607910156e+01 2.616148071289062500e+02 1.357741241455078125e+02
8.682887819999999479e+00 5.015505599975585938e+01 -2.698845672607421875e+01 -1.517097949981689453e+01 -3.884851074218750000e+01 2.672261962890625000e+02 1.394362792968750000e+02
8.708831610000000722e+00 4.875824356079101562e+01 -1.986331558227539062e+01 -1.155797100067138672e+01 -5.500391006469726562e+01 2.742050170898437500e+02 1.421055450439453125e+02
8.734764399999999540e+00 4.689656066894531250e+01 -1.261009693145751953e+01 -7.802659988403320312e+00 -7.375067138671875000e+01 2.764927673339843750e+02 1.424963226318359375e+02
8.760687020000000658e+00 4.449634170532226562e+01 -5.196843147277832031e+00 -3.982335329055786133e+00 -9.599514007568359375e+01 2.813422546386718750e+02 1.454915618896484375e+02
8.786599340000000424e+00 4.145974349975585938e+01 2.419138193130493164e+00 1.149482503533363342e-01 -1.228858566284179688e+02 2.760972900390625000e+02 1.450603179931640625e+02
8.812502190000000013e+00 3.761734390258789062e+01 9.882900238037109375e+00 4.163702011108398438e+00 -1.489576873779296875e+02 2.708359985351562500e+02 1.459432678222656250e+02
8.838393500000000458e+00 3.290837478637695312e+01 1.694373130798339844e+01 8.137190818786621094e+00 -1.814456329345703125e+02 2.629259948730468750e+02 1.412880401611328125e+02
8.864275080000000528e+00 2.755046463012695312e+01 2.360115242004394531e+01 1.200317192077636719e+01 -2.077698211669921875e+02 2.452375183105468750e+02 1.335218505859375000e+02
8.890144859999999483e+00 2.151278877258300781e+01 2.948810577392578125e+01 1.535196018218994141e+01 -2.249326934814453125e+02 2.132880706787109375e+02 1.169882125854492188e+02
8.916003670000000270e+00 1.495991134643554688e+01 3.479983520507812500e+01 1.845998573303222656e+01 -2.401092987060546875e+02 1.905954895019531250e+02 1.055620346069335938e+02
8.941851399999999117e+00 8.243468284606933594e+00 3.917435836791992188e+01 2.119294738769531250e+01 -2.510581359863281250e+02 1.656779022216796875e+02 9.550151824951171875e+01
8.967688869999999923e+00 1.511264681816101074e+00 4.261819458007812500e+01 2.305143356323242188e+01 -2.504260864257812500e+02 1.393164062500000000e+02 8.313259887695312500e+01
8.993513059999999726e+00 -5.143411636352539062e+00 4.601649856567382812e+01 2.502754402160644531e+01 -2.469049072265625000e+02 1.181697998046875000e+02 6.960348510742187500e+01
9.019328690000000037e+00 -1.158904170989990234e+01 4.875242614746093750e+01 2.654031944274902344e+01 -2.443230438232421875e+02 9.828361511230468750e+01 5.949284744262695312e+01
9.045130779999999149e+00 -1.792825889587402344e+01 5.101115036010742188e+01 2.782718086242675781e+01 -2.372096405029296875e+02 8.276453399658203125e+01 4.971181869506835938e+01
9.070921159999999261e+00 -2.408772087097167969e+01 5.295813751220703125e+01 2.888113784790039062e+01 -2.302783813476562500e+02 6.634736633300781250e+01 4.186993408203125000e+01
9.096699689999999450e+00 -2.993700218200683594e+01 5.442456436157226562e+01 2.985907745361328125e+01 -2.192578887939453125e+02 5.158742904663085938e+01 3.458105087280273438e+01
9.122467229999999816e+00 -3.545488739013671875e+01 5.561170959472656250e+01 3.069309425354003906e+01 -2.104765014648437500e+02 4.038261795043945312e+01 3.000928306579589844e+01
9.148221720000000445e+00 -4.063620758056640625e+01 5.646632003784179688e+01 3.160083961486816406e+01 -2.004939422607421875e+02 2.891839790344238281e+01 2.551372718811035156e+01
9.173964010000000613e+00 -4.547845458984375000e+01 5.700500106811523438e+01 3.229597854614257812e+01 -1.905701599121093750e+02 1.653639602661132812e+01 1.943936157226562500e+01
9.199694940000000543e+00 -5.006319808959960938e+01 5.739097213745117188e+01 3.272549057006835938e+01 -1.791224517822265625e+02 8.300979614257812500e+00 1.524165916442871094e+01
9.225412470000000198e+00 -5.442113876342773438e+01 5.746280670166015625e+01 3.308052825927734375e+01 -1.668536071777343750e+02 -1.218147277832031250e-01 1.073738479614257812e+01
9.251117439999999803e+00 -5.842251968383789062e+01 5.740630722045898438e+01 3.347225570678710938e+01 -1.570925140380859375e+02 -7.265708446502685547e+00 6.766215324401855469e+00
9.276810709999999460e+00 -6.219585418701171875e+01 5.712778091430664062e+01 3.364698028564453125e+01 -1.475504913330078125e+02 -1.306876182556152344e+01 1.566169977188110352e+00
9.302490239999999133e+00 -6.573397827148437500e+01 5.662022018432617188e+01 3.372362518310546875e+01 -1.360769958496093750e+02 -1.758147811889648438e+01 -8.323869705200195312e-01
9.328156870000000822e+00 -6.872246551513671875e+01 5.615091323852539062e+01 3.342172622680664062e+01 -1.263850326538085938e+02 -2.216067314147949219e+01 -3.743624687194824219e+00
9.353811450000000249e+00 -7.178431701660156250e+01 5.569264221191406250e+01 3.324732971191406250e+01 -1.171685638427734375e+02 -2.539870834350585938e+01 -7.193736553192138672e+00
9.379451949999999982e+00 -7.459201812744140625e+01 5.526753234863281250e+01 3.318201446533203125e+01 -1.065693740844726562e+02 -2.811369132995605469e+01 -9.564364433288574219e+00
9.405078270000000629e+00 -7.728739929199218750e+01 5.461624526977539062e+01 3.309397506713867188e+01 -1.020997695922851562e+02 -3.118791961669921875e+01 -1.242689323425292969e+01
9.430693160000000574e+00 -7.978378295898437500e+01 5.351857376098632812e+01 3.255125045776367188e+01 -9.495236968994140625e+01 -3.522017288208007812e+01 -1.406836032867431641e+01
9.456293649999999218e+00 -8.216854858398437500e+01 5.269839859008789062e+01 3.211949920654296875e+01 -8.832476806640625000e+01 -3.900828933715820312e+01 -1.604012680053710938e+01
9.481881550000000658e+00 -8.437969970703125000e+01 5.167102813720703125e+01 3.160485076904296875e+01 -8.082171630859375000e+01 -4.229381179809570312e+01 -1.805881118774414062e+01
9.507454830000000356e+00 -8.633518981933593750e+01 5.066918945312500000e+01 3.101512718200683594e+01 -7.340628814697265625e+01 -4.485680770874023438e+01 -2.080372619628906250e+01
9.533014339999999365e+00 -8.820082092285156250e+01 4.936352920532226562e+01 3.022974967956542969e+01 -6.676274108886718750e+01 -4.805533218383789062e+01 -2.373509979248046875e+01
9.558560939999999562e+00 -8.965122985839843750e+01 4.826146697998046875e+01 2.929500770568847656e+01 -5.874341964721679688e+01 -4.961612319946289062e+01 -2.696892738342285156e+01
9.584093570000000284e+00 -9.084072875976562500e+01 4.717366790771484375e+01 2.895895385742187500e+01 -5.177165222167968750e+01 -5.311533737182617188e+01 -2.793161773681640625e+01
9.609611170000000868e+00 -9.182655334472656250e+01 4.593155288696289062e+01 2.818252372741699219e+01 -4.447236633300781250e+01 -5.609727096557617188e+01 -2.898152160644531250e+01
9.635114599999999641e+00 -9.254817962646484375e+01 4.457641220092773438e+01 2.743618965148925781e+01 -3.567053604125976562e+01 -5.856836700439453125e+01 -2.785860443115234375e+01
9.660603749999999934e+00 -9.311676025390625000e+01 4.309904861450195312e+01 2.667215919494628906e+01 -2.877568244934082031e+01 -5.742937088012695312e+01 -3.054696655273437500e+01
9.686078520000000580e+00 -9.342375183105468750e+01 4.169682312011718750e+01 2.580261611938476562e+01 -1.995869636535644531e+01 -6.130358505249023438e+01 -3.207398223876953125e+01
9.711539780000000732e+00 -9.359786987304687500e+01 4.019441223144531250e+01 2.512469863891601562e+01 -1.357053184509277344e+01 -6.108580780029296875e+01 -3.004460716247558594e+01
9.736985519999999283e+00 -9.371218109130859375e+01 3.866512298583984375e+01 2.448336219787597656e+01 -5.227377414703369141e+00 -6.315983200073242188e+01 -3.188194084167480469e+01
9.762416580000000010e+00 -9.387451171875000000e+01 3.702619171142578125e+01 2.368798637390136719e+01 1.016831398010253906e-01 -6.489261627197265625e+01 -3.149201393127441406e+01
9.787832890000000674e+00 -9.380823516845703125e+01 3.529692840576171875e+01 2.290603256225585938e+01 5.669846534729003906e+00 -6.693248748779296875e+01 -3.346070861816406250e+01
9.813234339999999278e+00 -9.386669158935546875e+01 3.336808395385742188e+01 2.228926277160644531e+01 1.136747550964355469e+01 -6.967855834960937500e+01 -3.326536941528320312e+01
9.838621789999999478e+00 -9.355746459960937500e+01 3.141044044494628906e+01 2.125954055786132812e+01 1.699573326110839844e+01 -7.183648681640625000e+01 -3.383432388305664062e+01
9.863993250000000046e+00 -9.260805511474609375e+01 2.957331085205078125e+01 2.029698753356933594e+01 2.264721107482910156e+01 -7.294382476806640625e+01 -3.451739883422851562e+01
9.889350520000000699e+00 -9.194452667236328125e+01 2.766169166564941406e+01 1.922926712036132812e+01 2.855456161499023438e+01 -7.560684967041015625e+01 -3.635894775390625000e+01
9.914692569999999705e+00 -9.121955108642578125e+01 2.559723281860351562e+01 1.827219390869140625e+01 3.507674789428710938e+01 -7.772205352783203125e+01 -3.760099411010742188e+01
9.940017409999999387e+00 -9.049926757812500000e+01 2.324884414672851562e+01 1.706785583496093750e+01 4.352828598022460938e+01 -7.980027770996093750e+01 -4.042332077026367188e+01
9.965328740000000352e+00 -8.907936859130859375e+01 2.115098762512207031e+01 1.606396675109863281e+01 5.256753158569335938e+01 -8.223711395263671875e+01 -4.105869674682617188e+01
9.990623629999999977e+00 -8.738240051269531250e+01 1.906715393066406250e+01 1.519795036315917969e+01 6.127925872802734375e+01 -8.386222839355468750e+01 -4.165239334106445312e+01
1.001590294000000014e+01 -8.558419799804687500e+01 1.680244827270507812e+01 1.393799781799316406e+01 7.108885192871093750e+01 -8.561174774169921875e+01 -4.264841461181640625e+01
1.004116752999999918e+01 -8.355287933349609375e+01 1.461832618713378906e+01 1.307510280609130859e+01 7.986714935302734375e+01 -8.591403198242187500e+01 -4.289133834838867188e+01
1.006641637000000067e+01 -8.143025207519531250e+01 1.248612880706787109e+01 1.207684326171875000e+01 8.893238067626953125e+01 -8.616148376464843750e+01 -4.334519577026367188e+01
1.009164748999999972e+01 -7.883496093750000000e+01 1.028906250000000000e+01 1.101269531250000000e+01 9.722589111328125000e+01 -8.544373321533203125e+01 -4.418421936035156250e+01
1.011686362999999922e+01 -7.615451049804687500e+01 7.912271499633789062e+00 9.773636817932128906e+00 1.071456909179687500e+02 -8.553018951416015625e+01 -4.448732757568359375e+01
1.014206566000000009e+01 -7.323544311523437500e+01 5.643000602722167969e+00 8.646913528442382812e+00 1.165343399047851562e+02 -8.583724975585937500e+01 -4.552091598510742188e+01
1.016724877999999954e+01 -7.031809997558593750e+01 3.440721988677978516e+00 7.763000011444091797e+00 1.277820892333984375e+02 -8.673825836181640625e+01 -4.739434051513671875e+01
1.019241760999999968e+01 -6.686778259277343750e+01 1.099099278450012207e+00 6.313911914825439453e+00 1.384626312255859375e+02 -8.707013702392578125e+01 -4.951375579833984375e+01
1.021756927000000026e+01 -6.277463531494140625e+01 -1.166550636291503906e+00 4.817202568054199219e+00 1.519847869873046875e+02 -8.474524688720703125e+01 -4.956669998168945312e+01
1.024270553999999933e+01 -5.877346420288085938e+01 -3.581178903579711914e+00 3.539640665054321289e+00 1.662184143066406250e+02 -8.477196502685546875e+01 -4.949143218994140625e+01
1.026782352999999937e+01 -5.397301483154296875e+01 -5.782929420471191406e+00 2.354796886444091797e+00 1.821761322021484375e+02 -8.221077728271484375e+01 -4.859829330444335938e+01
1.029292691999999931e+01 -4.883912277221679688e+01 -7.832970619201660156e+00 1.230512380599975586e+00 2.077597808837890625e+02 -8.030675506591796875e+01 -4.789997863769531250e+01
1.031801281000000081e+01 -4.304140090942382812e+01 -9.658638954162597656e+00 1.194267570972442627e-01 2.277660827636718750e+02 -7.349405670166015625e+01 -4.653030014038085938e+01
1.034308208000000029e+01 -3.677630233764648438e+01 -1.139012241363525391e+01 -9.155181050300598145e-01 2.492588806152343750e+02 -6.474328613281250000e+01 -4.496421813964843750e+01
1.036813558000000057e+01 -2.996909713745117188e+01 -1.276594829559326172e+01 -2.011731147766113281e+00 2.727240905761718750e+02 -5.232335662841796875e+01 -4.298284149169921875e+01
1.039317136000000019e+01 -2.220800209045410156e+01 -1.375081539154052734e+01 -3.091454744338989258e+00 2.879048767089843750e+02 -3.162151908874511719e+01 -3.719988632202148438e+01
1.041819122000000064e+01 -1.357155513763427734e+01 -1.401711654663085938e+01 -3.998009204864501953e+00 2.910045166015625000e+02 8.585404157638549805e-01 -2.429272079467773438e+01
1.044319229000000071e+01 -4.368282318115234375e+00 -1.319233226776123047e+01 -4.464818954467773438e+00 3.099779052734375000e+02 5.346659088134765625e+01 -5.299902439117431641e+00
1.046817917000000087e+01 5.919014453887939453e+00 -9.643338203430175781e+00 -4.026622772216796875e+00 2.851664733886718750e+02 1.317537384033203125e+02 2.846587181091308594e+01
1.049314616999999927e+01 1.417367267608642578e+01 -3.480561971664428711e+00 -2.153768062591552734e+00 2.162993774414062500e+02 1.810402221679687500e+02 5.562686920166015625e+01
1.051809697000000021e+01 1.954817008972167969e+01 3.144705533981323242e+00 0.000000000000000000e+00 1.776092681884765625e+02 2.038024444580078125e+02 6.955999755859375000e+01
1.054303149999999967e+01 2.329295539855957031e+01 9.648113250732421875e+00 2.360320329666137695e+00 1.219873275756835938e+02 2.160534667968750000e+02 7.909922790527343750e+01
1.056794782000000055e+01 2.559601402282714844e+01 1.526068592071533203e+01 4.425507545471191406e+00 7.386919403076171875e+01 2.070317535400390625e+02 7.757430267333984375e+01
1.059284773000000079e+01 2.685156250000000000e+01 1.993404769897460938e+01 6.126505374908447266e+00 3.424682235717773438e+01 1.797237701416015625e+02 6.673982238769531250e+01
1.061772837000000003e+01 2.733163452148437500e+01 2.389490509033203125e+01 7.387589931488037109e+00 6.502287864685058594e+00 1.533178863525390625e+02 5.483985900878906250e+01
1.064259245999999948e+01 2.741784858703613281e+01 2.717252540588378906e+01 8.463624000549316406e+00 -1.455374145507812500e+01 1.285967102050781250e+02 4.410487747192382812e+01
1.066743995000000034e+01 2.697260665893554688e+01 2.994088363647460938e+01 9.242834091186523438e+00 -3.202207946777343750e+01 1.062342987060546875e+02 3.533603668212890625e+01
1.069226981999999992e+01 2.613122749328613281e+01 3.210135269165039062e+01 9.846549034118652344e+00 -4.790181350708007812e+01 8.526297760009765625e+01 2.809308815002441406e+01
1.071708111000000052e+01 2.498079299926757812e+01 3.371805572509765625e+01 1.030762386322021484e+01 -6.075591278076171875e+01 6.485804748535156250e+01 2.121867370605468750e+01
1.074187466000000057e+01 2.349781799316406250e+01 3.490203475952148438e+01 1.062208938598632812e+01 -7.217612457275390625e+01 4.685848236083984375e+01 1.477256011962890625e+01
1.076665133999999924e+01 2.181351852416992188e+01 3.563824844360351562e+01 1.076736640930175781e+01 -8.209195709228515625e+01 2.734322357177734375e+01 8.412977218627929688e+00
1.079140924999999918e+01 1.992051887512207031e+01 3.593949890136718750e+01 1.085416889190673828e+01 -9.105394744873046875e+01 8.163432121276855469e+00 3.588746070861816406e+00
1.081614923999999966e+01 1.763721466064453125e+01 3.569118118286132812e+01 1.085414886474609375e+01 -9.988638305664062500e+01 -1.269982910156250000e+01 -1.492355465888977051e+00
1.084087217999999986e+01 1.518257331848144531e+01 3.484325790405273438e+01 1.065771770477294922e+01 -1.075618591308593750e+02 -3.436032867431640625e+01 -6.268942356109619141e+00
1.086557617000000064e+01 1.239949512481689453e+01 3.347957229614257812e+01 1.049788570404052734e+01 -1.159527206420898438e+02 -5.839128494262695312e+01 -1.289259624481201172e+01
1.089026205999999952e+01 9.448770523071289062e+00 3.124039077758789062e+01 1.000568485260009766e+01 -1.232862319946289062e+02 -8.504087066650390625e+01 -2.181237983703613281e+01
1.091492979999999946e+01 6.298119544982910156e+00 2.840893936157226562e+01 9.135251045227050781e+00 -1.273948516845703125e+02 -1.156665573120117188e+02 -3.172180747985839844e+01
1.093958025999999961e+01 3.046936988830566406e+00 2.467390823364257812e+01 8.094800949096679688e+00 -1.285207519531250000e+02 -1.479125976562500000e+02 -4.185439300537109375e+01
1.096421154000000087e+01 -2.643809616565704346e-01 1.968379211425781250e+01 6.600081920623779297e+00 -1.211907424926757812e+02 -1.831863403320312500e+02 -5.352239608764648438e+01
1.098882449999999977e+01 -3.610886335372924805e+00 1.357314872741699219e+01 4.692575454711914062e+00 -1.152228317260742188e+02 -2.399168701171875000e+02 -6.880245208740234375e+01
1.101342001000000081e+01 0.000000000000000000e+00 0.000000000000000000e+00 0.000000000000000000e+00 0.000000000000000000e+00 0.000000000000000000e+00 0.000000000000000000e+00
1.103799708999999929e+01 0.000000000000000000e+00 0.000000000000000000e+00 0.000000000000000000e+00 0.000000000000000000e+00 0.000000000000000000e+00 0.000000000000000000e+00
1.106255477999999925e+01 0.000000000000000000e+00 0.000000000000000000e+00 0.000000000000000000e+00 0.000000000000000000e+00 0.000000000000000000e+00 0.000000000000000000e+00
1.108709394000000081e+01 0.000000000000000000e+00 0.000000000000000000e+00 0.000000000000000000e+00 0.000000000000000000e+00 0.000000000000000000e+00 0.000000000000000000e+00
1.111161451000000078e+01 0.000000000000000000e+00 0.000000000000000000e+00 0.000000000000000000e+00 0.000000000000000000e+00 0.000000000000000000e+00 0.000000000000000000e+00
1.113611736999999913e+01 0.000000000000000000e+00 0.000000000000000000e+00 0.000000000000000000e+00 0.000000000000000000e+00 0.000000000000000000e+00 0.000000000000000000e+00
1.116060062000000030e+01 0.000000000000000000e+00 0.000000000000000000e+00 0.000000000000000000e+00 0.000000000000000000e+00 0.000000000000000000e+00 0.000000000000000000e+00
1.118506514000000074e+01 0.000000000000000000e+00 0.000000000000000000e+00 0.000000000000000000e+00 0.000000000000000000e+00 0.000000000000000000e+00 0.000000000000000000e+00
1.120951089000000067e+01 0.000000000000000000e+00 0.000000000000000000e+00 0.000000000000000000e+00 0.000000000000000000e+00 0.000000000000000000e+00 0.000000000000000000e+00
1.123393961999999924e+01 0.000000000000000000e+00 0.000000000000000000e+00 0.000000000000000000e+00 0.000000000000000000e+00 0.000000000000000000e+00 0.000000000000000000e+00
1.125834582999999967e+01 0.000000000000000000e+00 0.000000000000000000e+00 0.000000000000000000e+00 0.000000000000000000e+00 0.000000000000000000e+00 0.000000000000000000e+00
1.128273676000000059e+01 0.000000000000000000e+00 0.000000000000000000e+00 0.000000000000000000e+00 0.000000000000000000e+00 0.000000000000000000e+00 0.000000000000000000e+00
1.130710690000000085e+01 0.000000000000000000e+00 0.000000000000000000e+00 0.000000000000000000e+00 0.000000000000000000e+00 0.000000000000000000e+00 0.000000000000000000e+00
1.133145801999999946e+01 0.000000000000000000e+00 0.000000000000000000e+00 0.000000000000000000e+00 0.000000000000000000e+00 0.000000000000000000e+00 0.000000000000000000e+00
1.135579098999999914e+01 0.000000000000000000e+00 0.000000000000000000e+00 0.000000000000000000e+00 0.000000000000000000e+00 0.000000000000000000e+00 0.000000000000000000e+00
1.138010303000000079e+01 0.000000000000000000e+00 0.000000000000000000e+00 0.000000000000000000e+00 0.000000000000000000e+00 0.000000000000000000e+00 0.000000000000000000e+00
1.140439774999999933e+01 0.000000000000000000e+00 0.000000000000000000e+00 0.000000000000000000e+00 0.000000000000000000e+00 0.000000000000000000e+00 0.000000000000000000e+00
1.142867327000000088e+01 0.000000000000000000e+00 0.000000000000000000e+00 0.000000000000000000e+00 0.000000000000000000e+00 0.000000000000000000e+00 0.000000000000000000e+00
1.145292773999999980e+01 0.000000000000000000e+00 0.000000000000000000e+00 0.000000000000000000e+00 0.000000000000000000e+00 0.000000000000000000e+00 0.000000000000000000e+00
1.147716566000000071e+01 0.000000000000000000e+00 0.000000000000000000e+00 0.000000000000000000e+00 0.000000000000000000e+00 0.000000000000000000e+00 0.000000000000000000e+00
1.150138152999999974e+01 0.000000000000000000e+00 0.000000000000000000e+00 0.000000000000000000e+00 0.000000000000000000e+00 0.000000000000000000e+00 0.000000000000000000e+00
1.152557986999999962e+01 0.000000000000000000e+00 0.000000000000000000e+00 0.000000000000000000e+00 0.000000000000000000e+00 0.000000000000000000e+00 0.000000000000000000e+00
1.154975789999999947e+01 0.000000000000000000e+00 0.000000000000000000e+00 0.000000000000000000e+00 0.000000000000000000e+00 0.000000000000000000e+00 0.000000000000000000e+00
1.157391649000000022e+01 0.000000000000000000e+00 0.000000000000000000e+00 0.000000000000000000e+00 0.000000000000000000e+00 0.000000000000000000e+00 0.000000000000000000e+00
1.159805650999999926e+01 0.000000000000000000e+00 0.000000000000000000e+00 0.000000000000000000e+00 0.000000000000000000e+00 0.000000000000000000e+00 0.000000000000000000e+00
1.162217522000000081e+01 0.000000000000000000e+00 0.000000000000000000e+00 0.000000000000000000e+00 0.000000000000000000e+00 0.000000000000000000e+00 0.000000000000000000e+00
1.164627527000000029e+01 0.000000000000000000e+00 0.000000000000000000e+00 0.000000000000000000e+00 0.000000000000000000e+00 0.000000000000000000e+00 0.000000000000000000e+00
1.167035665000000044e+01 0.000000000000000000e+00 0.000000000000000000e+00 0.000000000000000000e+00 0.000000000000000000e+00 0.000000000000000000e+00 0.000000000000000000e+00
1.169441658999999945e+01 0.000000000000000000e+00 0.000000000000000000e+00 0.000000000000000000e+00 0.000000000000000000e+00 0.000000000000000000e+00 0.000000000000000000e+00
1.171846047999999918e+01 0.000000000000000000e+00 0.000000000000000000e+00 0.000000000000000000e+00 0.000000000000000000e+00 0.000000000000000000e+00 0.000000000000000000e+00
1.174248107999999924e+01 0.000000000000000000e+00 0.000000000000000000e+00 0.000000000000000000e+00 0.000000000000000000e+00 0.000000000000000000e+00 0.000000000000000000e+00
1.176648284999999916e+01 0.000000000000000000e+00 0.000000000000000000e+00 0.000000000000000000e+00 0.000000000000000000e+00 0.000000000000000000e+00 0.000000000000000000e+00
1.179046574999999919e+01 0.000000000000000000e+00 0.000000000000000000e+00 0.000000000000000000e+00 0.000000000000000000e+00 0.000000000000000000e+00 0.000000000000000000e+00
1.181442795999999973e+01 0.000000000000000000e+00 0.000000000000000000e+00 0.000000000000000000e+00 0.000000000000000000e+00 0.000000000000000000e+00 0.000000000000000000e+00
1.183837034999999993e+01 0.000000000000000000e+00 0.000000000000000000e+00 0.000000000000000000e+00 0.000000000000000000e+00 0.000000000000000000e+00 0.000000000000000000e+00
1.186229288000000004e+01 0.000000000000000000e+00 0.000000000000000000e+00 0.000000000000000000e+00 0.000000000000000000e+00 0.000000000000000000e+00 0.000000000000000000e+00
1.188619641000000016e+01 0.000000000000000000e+00 0.000000000000000000e+00 0.000000000000000000e+00 0.000000000000000000e+00 0.000000000000000000e+00 0.000000000000000000e+00
1.191007912000000069e+01 0.000000000000000000e+00 0.000000000000000000e+00 0.000000000000000000e+00 0.000000000000000000e+00 0.000000000000000000e+00 0.000000000000000000e+00
1.193394366999999967e+01 0.000000000000000000e+00 0.000000000000000000e+00 0.000000000000000000e+00 0.000000000000000000e+00 0.000000000000000000e+00 0.000000000000000000e+00
1.195778555999999959e+01 0.000000000000000000e+00 0.000000000000000000e+00 0.000000000000000000e+00 0.000000000000000000e+00 0.000000000000000000e+00 0.000000000000000000e+00
1.198160833000000025e+01 0.000000000000000000e+00 0.000000000000000000e+00 0.000000000000000000e+00 0.000000000000000000e+00 0.000000000000000000e+00 0.000000000000000000e+00
1.200541194999999917e+01 0.000000000000000000e+00 0.000000000000000000e+00 0.000000000000000000e+00 0.000000000000000000e+00 0.000000000000000000e+00 0.000000000000000000e+00
1.202919462000000017e+01 0.000000000000000000e+00 0.000000000000000000e+00 0.000000000000000000e+00 0.000000000000000000e+00 0.000000000000000000e+00 0.000000000000000000e+00
1.205295629999999996e+01 0.000000000000000000e+00 0.000000000000000000e+00 0.000000000000000000e+00 0.000000000000000000e+00 0.000000000000000000e+00 0.000000000000000000e+00
1.207669963000000024e+01 0.000000000000000000e+00 0.000000000000000000e+00 0.000000000000000000e+00 0.000000000000000000e+00 0.000000000000000000e+00 0.000000000000000000e+00
1.210042282000000036e+01 0.000000000000000000e+00 0.000000000000000000e+00 0.000000000000000000e+00 0.000000000000000000e+00 0.000000000000000000e+00 0.000000000000000000e+00
1.212412583000000055e+01 0.000000000000000000e+00 0.000000000000000000e+00 0.000000000000000000e+00 0.000000000000000000e+00 0.000000000000000000e+00 0.000000000000000000e+00
1.214780775000000013e+01 0.000000000000000000e+00 0.000000000000000000e+00 0.000000000000000000e+00 0.000000000000000000e+00 0.000000000000000000e+00 0.000000000000000000e+00
1.217146945000000002e+01 0.000000000000000000e+00 0.000000000000000000e+00 0.000000000000000000e+00 0.000000000000000000e+00 0.000000000000000000e+00 0.000000000000000000e+00
1.219511177999999951e+01 0.000000000000000000e+00 0.000000000000000000e+00 0.000000000000000000e+00 0.000000000000000000e+00 0.000000000000000000e+00 0.000000000000000000e+00
1.221873294999999970e+01 0.000000000000000000e+00 0.000000000000000000e+00 0.000000000000000000e+00 0.000000000000000000e+00 0.000000000000000000e+00 0.000000000000000000e+00
1.224233294999999977e+01 0.000000000000000000e+00 0.000000000000000000e+00 0.000000000000000000e+00 0.000000000000000000e+00 0.000000000000000000e+00 0.000000000000000000e+00
1.226591439000000072e+01 0.000000000000000000e+00 0.000000000000000000e+00 0.000000000000000000e+00 0.000000000000000000e+00 0.000000000000000000e+00 0.000000000000000000e+00
1.228947460000000014e+01 0.000000000000000000e+00 0.000000000000000000e+00 0.000000000000000000e+00 0.000000000000000000e+00 0.000000000000000000e+00 0.000000000000000000e+00
1.231301533000000070e+01 0.000000000000000000e+00 0.000000000000000000e+00 0.000000000000000000e+00 0.000000000000000000e+00 0.000000000000000000e+00 0.000000000000000000e+00
1.233653480000000080e+01 0.000000000000000000e+00 0.000000000000000000e+00 0.000000000000000000e+00 0.000000000000000000e+00 0.000000000000000000e+00 0.000000000000000000e+00
1.236003385000000065e+01 0.000000000000000000e+00 0.000000000000000000e+00 0.000000000000000000e+00 0.000000000000000000e+00 0.000000000000000000e+00 0.000000000000000000e+00
1.238351336000000025e+01 0.000000000000000000e+00 0.000000000000000000e+00 0.000000000000000000e+00 0.000000000000000000e+00 0.000000000000000000e+00 0.000000000000000000e+00
1.240697154000000069e+01 0.000000000000000000e+00 0.000000000000000000e+00 0.000000000000000000e+00 0.000000000000000000e+00 0.000000000000000000e+00 0.000000000000000000e+00
1.243040925999999935e+01 0.000000000000000000e+00 0.000000000000000000e+00 0.000000000000000000e+00 0.000000000000000000e+00 0.000000000000000000e+00 0.000000000000000000e+00
1.245382648000000003e+01 0.000000000000000000e+00 0.000000000000000000e+00 0.000000000000000000e+00 0.000000000000000000e+00 0.000000000000000000e+00 0.000000000000000000e+00
1.247722321000000001e+01 0.000000000000000000e+00 0.000000000000000000e+00 0.000000000000000000e+00 0.000000000000000000e+00 0.000000000000000000e+00 0.000000000000000000e+00
1.250060028000000045e+01 0.000000000000000000e+00 0.000000000000000000e+00 0.000000000000000000e+00 0.000000000000000000e+00 0.000000000000000000e+00 0.000000000000000000e+00
1.252395680999999961e+01 0.000000000000000000e+00 0.000000000000000000e+00 0.000000000000000000e+00 0.000000000000000000e+00 0.000000000000000000e+00 0.000000000000000000e+00
1.254729191000000021e+01 0.000000000000000000e+00 0.000000000000000000e+00 0.000000000000000000e+00 0.000000000000000000e+00 0.000000000000000000e+00 0.000000000000000000e+00
1.257060556999999967e+01 0.000000000000000000e+00 0.000000000000000000e+00 0.000000000000000000e+00 0.000000000000000000e+00 0.000000000000000000e+00 0.000000000000000000e+00
1.259390037000000007e+01 0.000000000000000000e+00 0.000000000000000000e+00 0.000000000000000000e+00 0.000000000000000000e+00 0.000000000000000000e+00 0.000000000000000000e+00
1.261717456999999953e+01 0.000000000000000000e+00 0.000000000000000000e+00 0.000000000000000000e+00 0.000000000000000000e+00 0.000000000000000000e+00 0.000000000000000000e+00
1.264042726999999999e+01 0.000000000000000000e+00 0.000000000000000000e+00 0.000000000000000000e+00 0.000000000000000000e+00 0.000000000000000000e+00 0.000000000000000000e+00
1.266366020999999975e+01 0.000000000000000000e+00 0.000000000000000000e+00 0.000000000000000000e+00 0.000000000000000000e+00 0.000000000000000000e+00 0.000000000000000000e+00
1.268687075999999969e+01 0.000000000000000000e+00 0.000000000000000000e+00 0.000000000000000000e+00 0.000000000000000000e+00 0.000000000000000000e+00 0.000000000000000000e+00
1.271006324000000021e+01 0.000000000000000000e+00 0.000000000000000000e+00 0.000000000000000000e+00 0.000000000000000000e+00 0.000000000000000000e+00 0.000000000000000000e+00
1.273323330000000020e+01 0.000000000000000000e+00 0.000000000000000000e+00 0.000000000000000000e+00 0.000000000000000000e+00 0.000000000000000000e+00 0.000000000000000000e+00
1.275638267999999975e+01 0.000000000000000000e+00 0.000000000000000000e+00 0.000000000000000000e+00 0.000000000000000000e+00 0.000000000000000000e+00 0.000000000000000000e+00
1.277951048000000078e+01 0.000000000000000000e+00 0.000000000000000000e+00 0.000000000000000000e+00 0.000000000000000000e+00 0.000000000000000000e+00 0.000000000000000000e+00
1.280261843000000077e+01 0.000000000000000000e+00 0.000000000000000000e+00 0.000000000000000000e+00 0.000000000000000000e+00 0.000000000000000000e+00 0.000000000000000000e+00
1.282570650999999984e+01 0.000000000000000000e+00 0.000000000000000000e+00 0.000000000000000000e+00 0.000000000000000000e+00 0.000000000000000000e+00 0.000000000000000000e+00
1.284877297999999968e+01 0.000000000000000000e+00 0.000000000000000000e+00 0.000000000000000000e+00 0.000000000000000000e+00 0.000000000000000000e+00 0.000000000000000000e+00
1.287181870000000039e+01 0.000000000000000000e+00 0.000000000000000000e+00 0.000000000000000000e+00 0.000000000000000000e+00 0.000000000000000000e+00 0.000000000000000000e+00
1.289484451999999948e+01 0.000000000000000000e+00 0.000000000000000000e+00 0.000000000000000000e+00 0.000000000000000000e+00 0.000000000000000000e+00 0.000000000000000000e+00
1.291785042000000061e+01 0.000000000000000000e+00 0.000000000000000000e+00 0.000000000000000000e+00 0.000000000000000000e+00 0.000000000000000000e+00 0.000000000000000000e+00
1.294083381000000088e+01 0.000000000000000000e+00 0.000000000000000000e+00 0.000000000000000000e+00 0.000000000000000000e+00 0.000000000000000000e+00 0.000000000000000000e+00
1.296379467999999946e+01 0.000000000000000000e+00 0.000000000000000000e+00 0.000000000000000000e+00 0.000000000000000000e+00 0.000000000000000000e+00 0.000000000000000000e+00
1.298673819000000051e+01 0.000000000000000000e+00 0.000000000000000000e+00 0.000000000000000000e+00 0.000000000000000000e+00 0.000000000000000000e+00 0.000000000000000000e+00
1.300965917000000083e+01 0.000000000000000000e+00 0.000000000000000000e+00 0.000000000000000000e+00 0.000000000000000000e+00 0.000000000000000000e+00 0.000000000000000000e+00
1.303255932999999978e+01 0.000000000000000000e+00 0.000000000000000000e+00 0.000000000000000000e+00 0.000000000000000000e+00 0.000000000000000000e+00 0.000000000000000000e+00
1.305543864999999926e+01 0.000000000000000000e+00 0.000000000000000000e+00 0.000000000000000000e+00 0.000000000000000000e+00 0.000000000000000000e+00 0.000000000000000000e+00
1.307829798999999937e+01 0.000000000000000000e+00 0.000000000000000000e+00 0.000000000000000000e+00 0.000000000000000000e+00 0.000000000000000000e+00 0.000000000000000000e+00
1.310113649000000002e+01 0.000000000000000000e+00 0.000000000000000000e+00 0.000000000000000000e+00 0.000000000000000000e+00 0.000000000000000000e+00 0.000000000000000000e+00
1.312395328000000028e+01 0.000000000000000000e+00 0.000000000000000000e+00 0.000000000000000000e+00 0.000000000000000000e+00 0.000000000000000000e+00 0.000000000000000000e+00
1.314674920999999941e+01 0.000000000000000000e+00 0.000000000000000000e+00 0.000000000000000000e+00 0.000000000000000000e+00 0.000000000000000000e+00 0.000000000000000000e+00
1.316952342000000087e+01 0.000000000000000000e+00 0.000000000000000000e+00 0.000000000000000000e+00 0.000000000000000000e+00 0.000000000000000000e+00 0.000000000000000000e+00
1.319227930999999998e+01 0.000000000000000000e+00 0.000000000000000000e+00 0.000000000000000000e+00 0.000000000000000000e+00 0.000000000000000000e+00 0.000000000000000000e+00
1.321501177000000027e+01 0.000000000000000000e+00 0.000000000000000000e+00 0.000000000000000000e+00 0.000000000000000000e+00 0.000000000000000000e+00 0.000000000000000000e+00
1.323772420000000061e+01 0.000000000000000000e+00 0.000000000000000000e+00 0.000000000000000000e+00 0.000000000000000000e+00 0.000000000000000000e+00 0.000000000000000000e+00
1.326041743999999944e+01 0.000000000000000000e+00 0.000000000000000000e+00 0.000000000000000000e+00 0.000000000000000000e+00 0.000000000000000000e+00 0.000000000000000000e+00
1.328308724999999946e+01 0.000000000000000000e+00 0.000000000000000000e+00 0.000000000000000000e+00 0.000000000000000000e+00 0.000000000000000000e+00 0.000000000000000000e+00
1.330573784999999987e+01 0.000000000000000000e+00 0.000000000000000000e+00 0.000000000000000000e+00 0.000000000000000000e+00 0.000000000000000000e+00 0.000000000000000000e+00
1.332836585000000085e+01 0.000000000000000000e+00 0.000000000000000000e+00 0.000000000000000000e+00 0.000000000000000000e+00 0.000000000000000000e+00 0.000000000000000000e+00
1.335097548999999972e+01 0.000000000000000000e+00 0.000000000000000000e+00 0.000000000000000000e+00 0.000000000000000000e+00 0.000000000000000000e+00 0.000000000000000000e+00
1.337356169000000072e+01 0.000000000000000000e+00 0.000000000000000000e+00 0.000000000000000000e+00 0.000000000000000000e+00 0.000000000000000000e+00 0.000000000000000000e+00
1.339612866000000047e+01 0.000000000000000000e+00 0.000000000000000000e+00 0.000000000000000000e+00 0.000000000000000000e+00 0.000000000000000000e+00 0.000000000000000000e+00
1.341867472000000028e+01 0.000000000000000000e+00 0.000000000000000000e+00 0.000000000000000000e+00 0.000000000000000000e+00 0.000000000000000000e+00 0.000000000000000000e+00
1.344119902999999994e+01 0.000000000000000000e+00 0.000000000000000000e+00 0.000000000000000000e+00 0.000000000000000000e+00 0.000000000000000000e+00 0.000000000000000000e+00
1.346370240999999979e+01 0.000000000000000000e+00 0.000000000000000000e+00 0.000000000000000000e+00 0.000000000000000000e+00 0.000000000000000000e+00 0.000000000000000000e+00
1.348618571999999993e+01 0.000000000000000000e+00 0.000000000000000000e+00 0.000000000000000000e+00 0.000000000000000000e+00 0.000000000000000000e+00 0.000000000000000000e+00
1.350864726000000005e+01 0.000000000000000000e+00 0.000000000000000000e+00 0.000000000000000000e+00 0.000000000000000000e+00 0.000000000000000000e+00 0.000000000000000000e+00
1.353108871999999963e+01 0.000000000000000000e+00 0.000000000000000000e+00 0.000000000000000000e+00 0.000000000000000000e+00 0.000000000000000000e+00 0.000000000000000000e+00
1.355350759000000060e+01 0.000000000000000000e+00 0.000000000000000000e+00 0.000000000000000000e+00 0.000000000000000000e+00 0.000000000000000000e+00 0.000000000000000000e+00
1.357590719999999962e+01 0.000000000000000000e+00 0.000000000000000000e+00 0.000000000000000000e+00 0.000000000000000000e+00 0.000000000000000000e+00 0.000000000000000000e+00
1.359828506000000026e+01 0.000000000000000000e+00 0.000000000000000000e+00 0.000000000000000000e+00 0.000000000000000000e+00 0.000000000000000000e+00 0.000000000000000000e+00
1.362064282999999953e+01 0.000000000000000000e+00 0.000000000000000000e+00 0.000000000000000000e+00 0.000000000000000000e+00 0.000000000000000000e+00 0.000000000000000000e+00
1.364297967999999983e+01 0.000000000000000000e+00 0.000000000000000000e+00 0.000000000000000000e+00 0.000000000000000000e+00 0.000000000000000000e+00 0.000000000000000000e+00
1.366529393000000070e+01 0.000000000000000000e+00 0.000000000000000000e+00 0.000000000000000000e+00 0.000000000000000000e+00 0.000000000000000000e+00 0.000000000000000000e+00
1.368758893999999948e+01 0.000000000000000000e+00 0.000000000000000000e+00 0.000000000000000000e+00 0.000000000000000000e+00 0.000000000000000000e+00 0.000000000000000000e+00
1.370986219000000084e+01 0.000000000000000000e+00 0.000000000000000000e+00 0.000000000000000000e+00 0.000000000000000000e+00 0.000000000000000000e+00 0.000000000000000000e+00
1.373211535999999988e+01 0.000000000000000000e+00 0.000000000000000000e+00 0.000000000000000000e+00 0.000000000000000000e+00 0.000000000000000000e+00 0.000000000000000000e+00
1.375434594999999938e+01 0.000000000000000000e+00 0.000000000000000000e+00 0.000000000000000000e+00 0.000000000000000000e+00 0.000000000000000000e+00 0.000000000000000000e+00
1.377655728999999951e+01 0.000000000000000000e+00 0.000000000000000000e+00 0.000000000000000000e+00 0.000000000000000000e+00 0.000000000000000000e+00 0.000000000000000000e+00
1.377877759999999974e+01 0.000000000000000000e+00 0.000000000000000000e+00 0.000000000000000000e+00 0.000000000000000000e+00 0.000000000000000000e+00 0.000000000000000000e+00
1.378099605000000061e+01 0.000000000000000000e+00 0.000000000000000000e+00 0.000000000000000000e+00 0.000000000000000000e+00 0.000000000000000000e+00 0.000000000000000000e+00
1.378321595000000066e+01 0.000000000000000000e+00 0.000000000000000000e+00 0.000000000000000000e+00 0.000000000000000000e+00 0.000000000000000000e+00 0.000000000000000000e+00
1.378543563000000027e+01 0.000000000000000000e+00 0.000000000000000000e+00 0.000000000000000000e+00 0.000000000000000000e+00 0.000000000000000000e+00 0.000000000000000000e+00
1.378765510999999933e+01 0.000000000000000000e+00 0.000000000000000000e+00 0.000000000000000000e+00 0.000000000000000000e+00 0.000000000000000000e+00 0.000000000000000000e+00
1.378987438000000054e+01 0.000000000000000000e+00 0.000000000000000000e+00 0.000000000000000000e+00 0.000000000000000000e+00 0.000000000000000000e+00 0.000000000000000000e+00
1.379209260999999920e+01 0.000000000000000000e+00 0.000000000000000000e+00 0.000000000000000000e+00 0.000000000000000000e+00 0.000000000000000000e+00 0.000000000000000000e+00
1.379430980999999967e+01 0.000000000000000000e+00 0.000000000000000000e+00 0.000000000000000000e+00 0.000000000000000000e+00 0.000000000000000000e+00 0.000000000000000000e+00
1.379652845000000028e+01 0.000000000000000000e+00 0.000000000000000000e+00 0.000000000000000000e+00 0.000000000000000000e+00 0.000000000000000000e+00 0.000000000000000000e+00
1.379874687999999949e+01 0.000000000000000000e+00 0.000000000000000000e+00 0.000000000000000000e+00 0.000000000000000000e+00 0.000000000000000000e+00 0.000000000000000000e+00
