6.615268040000000127e+00 -1.603521118164062500e+02 2.949001464843750000e+02 4.640960693359375000e+02 1.972368621826171875e+01 5.455280303955078125e+00 -1.707909393310546875e+01
6.641476820000000281e+00 -1.596022491455078125e+02 2.943939514160156250e+02 4.638165588378906250e+02 1.989211273193359375e+01 1.547027587890625000e+00 -1.897105789184570312e+01
6.667689909999999998e+00 -1.590116882324218750e+02 2.944805297851562500e+02 4.631665954589843750e+02 1.843203926086425781e+01 1.452407836914062500e-01 -1.973220062255859375e+01
6.693908060000000049e+00 -1.585100402832031250e+02 2.942135620117187500e+02 4.622721252441406250e+02 1.658131408691406250e+01 1.265468597412109375e+00 -2.166834640502929688e+01
6.720129069999999594e+00 -1.580641632080078125e+02 2.940140686035156250e+02 4.613260803222656250e+02 1.516368484497070312e+01 3.874156951904296875e+00 -2.338816070556640625e+01
6.746353700000000231e+00 -1.576491394042968750e+02 2.942785339355468750e+02 4.608984375000000000e+02 1.476193428039550781e+01 5.734409332275390625e+00 -2.414947128295898438e+01
6.772582719999999945e+00 -1.571542663574218750e+02 2.947037048339843750e+02 4.603621520996093750e+02 1.505813217163085938e+01 7.372783660888671875e+00 -2.422099304199218750e+01
6.798813939999999612e+00 -1.568250274658203125e+02 2.949916381835937500e+02 4.595881652832031250e+02 1.560561370849609375e+01 8.196851730346679688e+00 -2.356658554077148438e+01
6.825048129999999880e+00 -1.565684814453125000e+02 2.952847900390625000e+02 4.589456481933593750e+02 1.722456741333007812e+01 8.802139282226562500e+00 -2.240617370605468750e+01
6.851285060000000371e+00 -1.562625732421875000e+02 2.958114013671875000e+02 4.585928955078125000e+02 1.915824699401855469e+01 9.673202514648437500e+00 -1.998285293579101562e+01
6.877525490000000019e+00 -1.557774810791015625e+02 2.961073608398437500e+02 4.584161071777343750e+02 2.081052207946777344e+01 9.799974441528320312e+00 -1.687913894653320312e+01
6.903767260000000405e+00 -1.550466613769531250e+02 2.964562988281250000e+02 4.585466003417968750e+02 2.286839103698730469e+01 9.353033065795898438e+00 -1.324116134643554688e+01
6.930011109999999697e+00 -1.541723480224609375e+02 2.966504516601562500e+02 4.591522521972656250e+02 2.450068092346191406e+01 7.450151443481445312e+00 -9.391292572021484375e+00
6.956256849999999936e+00 -1.532817382812500000e+02 2.967732849121093750e+02 4.594185180664062500e+02 2.599377250671386719e+01 6.100362777709960938e+00 -6.956703186035156250e+00
6.982505230000000118e+00 -1.526258850097656250e+02 2.970208435058593750e+02 4.592902221679687500e+02 2.732095909118652344e+01 4.804494857788085938e+00 -6.612934112548828125e+00
7.008755070000000309e+00 -1.518149108886718750e+02 2.972605895996093750e+02 4.591581115722656250e+02 2.725374984741210938e+01 2.998451232910156250e+00 -6.848293304443359375e+00
7.035004190000000435e+00 -1.512229766845703125e+02 2.971916198730468750e+02 4.590571899414062500e+02 2.564256286621093750e+01 6.104373931884765625e-01 -7.769077301025390625e+00
7.061256300000000152e+00 -1.504557342529296875e+02 2.972980957031250000e+02 4.588339538574218750e+02 2.482904052734375000e+01 -3.583030700683593750e-01 -8.601509094238281250e+00
7.087508259999999893e+00 -1.498097686767578125e+02 2.972921752929687500e+02 4.585600280761718750e+02 2.505198287963867188e+01 1.118526458740234375e-01 -8.837944030761718750e+00
7.113761809999999741e+00 -1.493261108398437500e+02 2.976513061523437500e+02 4.581400756835937500e+02 2.705715560913085938e+01 2.350948333740234375e+00 -7.568340301513671875e+00
7.140014790000000389e+00 -1.488551025390625000e+02 2.981321105957031250e+02 4.577659606933593750e+02 2.849037170410156250e+01 3.373271942138671875e+00 -6.572566986083984375e+00
7.166267979999999760e+00 -1.482655487060546875e+02 2.984951477050781250e+02 4.573670043945312500e+02 2.877525711059570312e+01 2.843814849853515625e+00 -6.358036041259765625e+00
7.192522150000000281e+00 -1.475319366455078125e+02 2.986612854003906250e+02 4.571551818847656250e+02 2.919439697265625000e+01 1.214416503906250000e+00 -6.612739562988281250e+00
7.218774149999999779e+00 -1.469396820068359375e+02 2.984317626953125000e+02 4.568341674804687500e+02 2.952812004089355469e+01 -1.365278244018554688e+00 -7.057498931884765625e+00
7.245027709999999566e+00 -1.462071533203125000e+02 2.980796508789062500e+02 4.566548767089843750e+02 2.952561950683593750e+01 -5.286779403686523438e+00 -7.316375732421875000e+00
7.271280670000000335e+00 -1.455290985107421875e+02 2.975205383300781250e+02 4.565980834960937500e+02 2.904678344726562500e+01 -9.028656005859375000e+00 -8.081462860107421875e+00
7.297531840000000436e+00 -1.448450622558593750e+02 2.971389770507812500e+02 4.564234008789062500e+02 2.915781784057617188e+01 -1.222132492065429688e+01 -9.137542724609375000e+00
7.323781999999999570e+00 -1.440621948242187500e+02 2.963567810058593750e+02 4.560097656250000000e+02 2.921825027465820312e+01 -1.292407226562500000e+01 -1.171691894531250000e+01
7.350030959999999780e+00 -1.433818359375000000e+02 2.964671325683593750e+02 4.558208923339843750e+02 3.032745361328125000e+01 -1.220462989807128906e+01 -1.300208282470703125e+01
7.376279509999999817e+00 -1.426044769287109375e+02 2.963800964355468750e+02 4.553667907714843750e+02 3.131582260131835938e+01 -1.101464462280273438e+01 -1.400309753417968750e+01
7.402525480000000435e+00 -1.418184814453125000e+02 2.966671447753906250e+02 4.549057617187500000e+02 3.302432632446289062e+01 -9.545982360839843750e+00 -1.356355285644531250e+01
7.428769670000000325e+00 -1.410718688964843750e+02 2.965851135253906250e+02 4.544148559570312500e+02 3.420809936523437500e+01 -8.054199218750000000e+00 -1.283576202392578125e+01
7.455011869999999874e+00 -1.403488922119140625e+02 2.966978759765625000e+02 4.541210021972656250e+02 3.560879135131835938e+01 -6.522029876708984375e+00 -1.228681564331054688e+01
7.481252890000000377e+00 -1.394864654541015625e+02 2.972717895507812500e+02 4.536118164062500000e+02 3.701282501220703125e+01 -4.592838287353515625e+00 -1.165841293334960938e+01
7.507490559999999924e+00 -1.385272979736328125e+02 2.970228881835937500e+02 4.535477294921875000e+02 3.732582473754882812e+01 -3.765960693359375000e+00 -1.189403152465820312e+01
7.533726660000000130e+00 -1.375331878662109375e+02 2.969881896972656250e+02 4.532616271972656250e+02 3.737151336669921875e+01 -3.956832885742187500e+00 -1.116090774536132812e+01
7.559959039999999852e+00 -1.364829864501953125e+02 2.967796325683593750e+02 4.532550354003906250e+02 3.754200744628906250e+01 -5.084465026855468750e+00 -1.068874359130859375e+01
7.586188489999999618e+00 -1.354624023437500000e+02 2.965051879882812500e+02 4.531860961914062500e+02 3.805872344970703125e+01 -6.817905426025390625e+00 -1.090183258056640625e+01
7.612414829999999633e+00 -1.344484100341796875e+02 2.961596984863281250e+02 4.532502136230468750e+02 3.825399780273437500e+01 -8.147661209106445312e+00 -1.065071487426757812e+01
7.638638860000000363e+00 -1.335603485107421875e+02 2.957730407714843750e+02 4.530462036132812500e+02 3.780596923828125000e+01 -9.100732803344726562e+00 -9.635295867919921875e+00
7.664857439999999578e+00 -1.327102508544921875e+02 2.947305908203125000e+02 4.528066406250000000e+02 3.604347229003906250e+01 -1.062784767150878906e+01 -1.062236022949218750e+01
7.691074320000000242e+00 -1.320488891601562500e+02 2.946776733398437500e+02 4.525476074218750000e+02 3.439167785644531250e+01 -1.062623977661132812e+01 -1.111031341552734375e+01
7.717287350000000323e+00 -1.312831726074218750e+02 2.942832641601562500e+02 4.521559448242187500e+02 3.231953048706054688e+01 -9.957603454589843750e+00 -1.224029159545898438e+01
7.743495379999999706e+00 -1.306982727050781250e+02 2.943600463867187500e+02 4.516328735351562500e+02 3.092903900146484375e+01 -9.131944656372070312e+00 -1.224208068847656250e+01
7.769699199999999806e+00 -1.299354858398437500e+02 2.941843872070312500e+02 4.512051696777343750e+02 2.998540115356445312e+01 -8.770473480224609375e+00 -1.287339782714843750e+01
7.795898639999999880e+00 -1.292049102783203125e+02 2.940203552246093750e+02 4.507167053222656250e+02 2.970799636840820312e+01 -8.567195892333984375e+00 -1.418956756591796875e+01
7.822093520000000133e+00 -1.283257598876953125e+02 2.935726623535156250e+02 4.501359863281250000e+02 2.929447937011718750e+01 -8.350946426391601562e+00 -1.614362335205078125e+01
7.848284650000000084e+00 -1.276337585449218750e+02 2.935414123535156250e+02 4.495915527343750000e+02 2.935209655761718750e+01 -7.623420715332031250e+00 -1.693302154541015625e+01
7.874470859999999739e+00 -1.269268112182617188e+02 2.934556884765625000e+02 4.492273254394531250e+02 3.049061584472656250e+01 -6.430610656738281250e+00 -1.623384094238281250e+01
7.900650040000000374e+00 -1.260824203491210938e+02 2.936657104492187500e+02 4.489824218750000000e+02 3.272186279296875000e+01 -4.838602066040039062e+00 -1.476211547851562500e+01
7.926825919999999748e+00 -1.250802764892578125e+02 2.938800354003906250e+02 4.487445373535156250e+02 3.535768508911132812e+01 -4.015741348266601562e+00 -1.379875946044921875e+01
7.952996370000000148e+00 -1.238058090209960938e+02 2.942098388671875000e+02 4.485694885253906250e+02 3.733905792236328125e+01 -3.981321334838867188e+00 -1.322842788696289062e+01
7.979160239999999682e+00 -1.229755706787109375e+02 2.940438232421875000e+02 4.481746520996093750e+02 3.794695281982421875e+01 -4.014139175415039062e+00 -1.288831329345703125e+01
8.005318360000000411e+00 -1.218919830322265625e+02 2.939749145507812500e+02 4.478154296875000000e+02 3.855852508544921875e+01 -4.817047119140625000e+00 -1.243379974365234375e+01
8.031471520000000197e+00 -1.209204025268554688e+02 2.937704772949218750e+02 4.474217834472656250e+02 3.882869720458984375e+01 -6.282352447509765625e+00 -1.259162902832031250e+01
8.057616619999999230e+00 -1.200324401855468750e+02 2.933489685058593750e+02 4.468933410644531250e+02 3.869023895263671875e+01 -7.477779388427734375e+00 -1.378134918212890625e+01
8.083758389999999849e+00 -1.189990615844726562e+02 2.931757507324218750e+02 4.466326904296875000e+02 3.857501220703125000e+01 -8.508863449096679688e+00 -1.503456497192382812e+01
8.109891779999999883e+00 -1.181867523193359375e+02 2.926742858886718750e+02 4.459384155273437500e+02 3.804815292358398438e+01 -8.350530624389648438e+00 -1.625807952880859375e+01
8.136018580000000000e+00 -1.171943664550781250e+02 2.923434448242187500e+02 4.457263183593750000e+02 3.798777770996093750e+01 -8.685327529907226562e+00 -1.703483963012695312e+01
8.162138620000000344e+00 -1.162865676879882812e+02 2.919479980468750000e+02 4.449605407714843750e+02 3.833877944946289062e+01 -9.085569381713867188e+00 -1.734309768676757812e+01
8.188251749999999163e+00 -1.153405914306640625e+02 2.915419311523437500e+02 4.443630371093750000e+02 3.823281860351562500e+01 -9.806161880493164062e+00 -1.770440292358398438e+01
8.214358779999999527e+00 -1.143487625122070312e+02 2.911053466796875000e+02 4.439400634765625000e+02 3.802056884765625000e+01 -1.047900009155273438e+01 -1.765829086303710938e+01
8.240457609999999988e+00 -1.132685623168945312e+02 2.909730529785156250e+02 4.435142211914062500e+02 3.864600372314453125e+01 -1.139256095886230469e+01 -1.674154663085937500e+01
8.266549039999999238e+00 -1.121367416381835938e+02 2.906001281738281250e+02 4.432673339843750000e+02 3.888563919067382812e+01 -1.331815719604492188e+01 -1.623713302612304688e+01
8.292632929999999902e+00 -1.110801544189453125e+02 2.901044311523437500e+02 4.427367248535156250e+02 3.889759063720703125e+01 -1.487461280822753906e+01 -1.701842117309570312e+01
8.318710100000000551e+00 -1.098318634033203125e+02 2.898977050781250000e+02 4.425556030273437500e+02 3.967681121826171875e+01 -1.622344017028808594e+01 -1.739618682861328125e+01
8.344778429999999858e+00 -1.086737289428710938e+02 2.896061096191406250e+02 4.420471191406250000e+02 4.051696014404296875e+01 -1.652960586547851562e+01 -1.777363967895507812e+01
8.370839730000000145e+00 -1.074079895019531250e+02 2.894904479980468750e+02 4.419076538085937500e+02 4.105644989013671875e+01 -1.754887199401855469e+01 -1.757592010498046875e+01
8.396891889999999137e+00 -1.062454986572265625e+02 2.887383422851562500e+02 4.416487426757812500e+02 4.117570495605468750e+01 -1.904661941528320312e+01 -1.741852569580078125e+01
8.422935750000000610e+00 -1.050809783935546875e+02 2.881607971191406250e+02 4.409638366699218750e+02 4.158451461791992188e+01 -2.045746612548828125e+01 -1.847974395751953125e+01
8.448971139999999380e+00 -1.037423706054687500e+02 2.878275451660156250e+02 4.402753295898437500e+02 4.265877532958984375e+01 -2.148513412475585938e+01 -2.012033843994140625e+01
8.474997930000000679e+00 -1.022639312744140625e+02 2.875779724121093750e+02 4.399790344238281250e+02 4.380520248413085938e+01 -2.252448654174804688e+01 -2.103388977050781250e+01
8.501016939999999522e+00 -1.009092941284179688e+02 2.870057373046875000e+02 4.398871765136718750e+02 4.471954345703125000e+01 -2.409298515319824219e+01 -2.120788574218750000e+01
8.527026069999999791e+00 -9.947283172607421875e+01 2.858839721679687500e+02 4.398481750488281250e+02 4.455069732666015625e+01 -2.700122070312500000e+01 -2.226634216308593750e+01
8.553027119999999428e+00 -9.864429473876953125e+01 2.845923461914062500e+02 4.388119201660156250e+02 4.335553359985351562e+01 -2.889411735534667969e+01 -2.436537933349609375e+01
8.579018019999999467e+00 -9.750045013427734375e+01 2.837753601074218750e+02 4.381036682128906250e+02 4.235872650146484375e+01 -3.176279258728027344e+01 -2.684342575073242188e+01
8.605000549999999748e+00 -9.663246154785156250e+01 2.824398193359375000e+02 4.366417541503906250e+02 4.077618789672851562e+01 -3.285800170898437500e+01 -2.991923904418945312e+01
8.630972630000000478e+00 -9.583124542236328125e+01 2.818850708007812500e+02 4.359015808105468750e+02 3.940711212158203125e+01 -3.343128204345703125e+01 -3.106825256347656250e+01
8.656935100000000105e+00 -9.504823303222656250e+01 2.811616516113281250e+02 4.353643188476562500e+02 3.739596557617187500e+01 -3.288927459716796875e+01 -3.082797241210937500e+01
8.682887819999999479e+00 -9.433280181884765625e+01 2.799424743652343750e+02 4.345943603515625000e+02 3.540826034545898438e+01 -3.272149658203125000e+01 -3.112793731689453125e+01
8.708831610000000722e+00 -9.363356781005859375e+01 2.788126831054687500e+02 4.340386352539062500e+02 3.384870529174804688e+01 -3.371481323242187500e+01 -3.260766220092773438e+01
8.734764399999999540e+00 -9.306251525878906250e+01 2.774533386230468750e+02 4.331373291015625000e+02 3.238720703125000000e+01 -3.305802917480468750e+01 -3.766774749755859375e+01
8.760687020000000658e+00 -9.284731292724609375e+01 2.761051025390625000e+02 4.317002563476562500e+02 3.197334861755371094e+01 -3.030935668945312500e+01 -4.322513580322265625e+01
8.786599340000000424e+00 -9.227732086181640625e+01 2.751835021972656250e+02 4.306039733886718750e+02 2.912115478515625000e+01 -3.259151458740234375e+01 -4.282082366943359375e+01
8.812502190000000013e+00 -9.173237609863281250e+01 2.741130065917968750e+02 4.294635925292968750e+02 2.664637756347656250e+01 -3.320633697509765625e+01 -4.301947021484375000e+01
8.838393500000000458e+00 -9.110766601562500000e+01 2.733938598632812500e+02 4.282524719238281250e+02 2.655842781066894531e+01 -3.126898002624511719e+01 -4.347350311279296875e+01
8.864275080000000528e+00 -9.053948974609375000e+01 2.727840576171875000e+02 4.270703430175781250e+02 2.684510993957519531e+01 -2.936121177673339844e+01 -4.298393249511718750e+01
8.890144859999999483e+00 -8.964848327636718750e+01 2.721208190917968750e+02 4.262074279785156250e+02 2.775022888183593750e+01 -2.850768280029296875e+01 -4.242495727539062500e+01
8.916003670000000270e+00 -8.874698638916015625e+01 2.713192443847656250e+02 4.252564392089843750e+02 2.837585830688476562e+01 -2.813583374023437500e+01 -4.159295272827148438e+01
8.941851399999999117e+00 -8.785877990722656250e+01 2.703783264160156250e+02 4.244074401855468750e+02 2.773987388610839844e+01 -2.753577041625976562e+01 -4.020103073120117188e+01
8.967688869999999923e+00 -8.710621643066406250e+01 2.693397521972656250e+02 4.236906127929687500e+02 2.759148788452148438e+01 -2.798367500305175781e+01 -4.081655120849609375e+01
8.993513059999999726e+00 -8.616279602050781250e+01 2.684797058105468750e+02 4.226542663574218750e+02 2.909958457946777344e+01 -2.812510681152343750e+01 -4.615956878662109375e+01
9.019328690000000037e+00 -8.508859252929687500e+01 2.678181457519531250e+02 4.214109497070312500e+02 2.923881149291992188e+01 -2.508837318420410156e+01 -5.431998825073242188e+01
9.045130779999999149e+00 -8.395763397216796875e+01 2.673217468261718750e+02 4.202294921875000000e+02 3.018258094787597656e+01 -2.437654685974121094e+01 -5.601401901245117188e+01
9.070921159999999261e+00 -8.262209320068359375e+01 2.672946166992187500e+02 4.191343994140625000e+02 3.314386367797851562e+01 -2.349295234680175781e+01 -5.288953018188476562e+01
9.096699689999999450e+00 -8.127408599853515625e+01 2.668077392578125000e+02 4.183468322753906250e+02 3.873569107055664062e+01 -2.225940132141113281e+01 -4.445719528198242188e+01
9.122467229999999816e+00 -7.988931274414062500e+01 2.663937683105468750e+02 4.174971923828125000e+02 4.160020828247070312e+01 -2.227897262573242188e+01 -4.263952255249023438e+01
9.148221720000000445e+00 -7.863766479492187500e+01 2.658913879394531250e+02 4.165933227539062500e+02 4.358256149291992188e+01 -2.313584136962890625e+01 -4.130583190917968750e+01
9.173964010000000613e+00 -7.750656127929687500e+01 2.652323608398437500e+02 4.154183959960937500e+02 4.423387145996093750e+01 -2.448589134216308594e+01 -4.103501129150390625e+01
9.199694940000000543e+00 -7.626094818115234375e+01 2.647410278320312500e+02 4.145048217773437500e+02 4.500470733642578125e+01 -2.623077774047851562e+01 -4.052055358886718750e+01
9.225412470000000198e+00 -7.497618865966796875e+01 2.639293212890625000e+02 4.138273315429687500e+02 4.497848129272460938e+01 -2.779310607910156250e+01 -3.962480163574218750e+01
9.251117439999999803e+00 -7.395717620849609375e+01 2.629939575195312500e+02 4.128290405273437500e+02 4.461867523193359375e+01 -2.868560409545898438e+01 -3.846619796752929688e+01
9.276810709999999460e+00 -7.278528594970703125e+01 2.624721374511718750e+02 4.117181396484375000e+02 4.471172332763671875e+01 -2.914164733886718750e+01 -3.740657424926757812e+01
9.302490239999999133e+00 -7.156896972656250000e+01 2.616714782714843750e+02 4.106827087402343750e+02 4.477818298339843750e+01 -2.996137809753417969e+01 -3.708961486816406250e+01
9.328156870000000822e+00 -7.032442474365234375e+01 2.611744384765625000e+02 4.097508239746093750e+02 4.524660491943359375e+01 -3.112434196472167969e+01 -3.687294387817382812e+01
9.353811450000000249e+00 -6.916973114013671875e+01 2.603810424804687500e+02 4.088764343261718750e+02 4.476683807373046875e+01 -3.302240753173828125e+01 -3.793055343627929688e+01
9.379451949999999982e+00 -6.810000610351562500e+01 2.593856811523437500e+02 4.076135559082031250e+02 4.416933441162109375e+01 -3.446733856201171875e+01 -4.073089981079101562e+01
9.405078270000000629e+00 -6.699437713623046875e+01 2.586014099121093750e+02 4.061558532714843750e+02 4.462450408935546875e+01 -3.510356140136718750e+01 -4.394714736938476562e+01
9.430693160000000574e+00 -6.577234649658203125e+01 2.580129699707031250e+02 4.048645019531250000e+02 4.527927017211914062e+01 -3.560246276855468750e+01 -4.520824813842773438e+01
9.456293649999999218e+00 -6.451364898681640625e+01 2.572722778320312500e+02 4.038962097167968750e+02 4.518672943115234375e+01 -3.664392852783203125e+01 -4.450089263916015625e+01
9.481881550000000658e+00 -6.317911911010742188e+01 2.560918884277343750e+02 4.029889526367187500e+02 4.443024826049804688e+01 -3.747249603271484375e+01 -4.518758773803710938e+01
9.507454830000000356e+00 -6.240366363525390625e+01 2.550346374511718750e+02 4.016027221679687500e+02 4.388560485839843750e+01 -3.764993286132812500e+01 -4.607446670532226562e+01
9.533014339999999365e+00 -6.141185760498046875e+01 2.536908264160156250e+02 4.001475830078125000e+02 4.375907516479492188e+01 -3.802123260498046875e+01 -4.691639328002929688e+01
9.558560939999999562e+00 -6.019108200073242188e+01 2.526463470458984375e+02 3.986735534667968750e+02 4.461170578002929688e+01 -3.869639587402343750e+01 -4.798908996582031250e+01
9.584093570000000284e+00 -5.889414596557617188e+01 2.519033508300781250e+02 3.973573608398437500e+02 4.631035614013671875e+01 -3.876542663574218750e+01 -4.874756240844726562e+01
9.609611170000000868e+00 -5.754869079589843750e+01 2.511236114501953125e+02 3.964755859375000000e+02 4.783271789550781250e+01 -3.931709289550781250e+01 -4.827842712402343750e+01
9.635114599999999641e+00 -5.627842330932617188e+01 2.501660919189453125e+02 3.954000854492187500e+02 4.864824676513671875e+01 -3.923333740234375000e+01 -4.718503189086914062e+01
9.660603749999999934e+00 -5.502174377441406250e+01 2.492865600585937500e+02 3.942509460449218750e+02 4.889225769042968750e+01 -3.933246231079101562e+01 -4.596716690063476562e+01
9.686078520000000580e+00 -5.375049591064453125e+01 2.482054901123046875e+02 3.929882507324218750e+02 4.836707305908203125e+01 -4.042811584472656250e+01 -4.622816467285156250e+01
9.711539780000000732e+00 -5.262061691284179688e+01 2.471682586669921875e+02 3.915828247070312500e+02 4.805956649780273438e+01 -4.167952346801757812e+01 -4.752044677734375000e+01
9.736985519999999283e+00 -5.167288589477539062e+01 2.473152160644531250e+02 3.900794067382812500e+02 4.897640609741210938e+01 -4.213087463378906250e+01 -4.846020507812500000e+01
9.762416580000000010e+00 -5.015927886962890625e+01 2.449990234375000000e+02 3.883149108886718750e+02 4.683042907714843750e+01 -4.307871246337890625e+01 -5.161107254028320312e+01
9.787832890000000674e+00 -4.895546722412109375e+01 2.440664367675781250e+02 3.867359313964843750e+02 4.682803344726562500e+01 -4.294978713989257812e+01 -5.265556716918945312e+01
9.813234339999999278e+00 -4.772591781616210938e+01 2.430845794677734375e+02 3.852952270507812500e+02 4.711743545532226562e+01 -4.279447174072265625e+01 -5.315768432617187500e+01
9.838621789999999478e+00 -4.642173004150390625e+01 2.420588226318359375e+02 3.838760681152343750e+02 4.753269195556640625e+01 -4.284236907958984375e+01 -5.354725646972656250e+01
9.863993250000000046e+00 -4.514592361450195312e+01 2.411154479980468750e+02 3.826655883789062500e+02 4.782518005371093750e+01 -4.267286682128906250e+01 -5.273869323730468750e+01
9.889350520000000699e+00 -4.397359466552734375e+01 2.397135467529296875e+02 3.812763061523437500e+02 4.791869354248046875e+01 -4.320110321044921875e+01 -5.277435302734375000e+01
9.914692569999999705e+00 -4.282752990722656250e+01 2.384967193603515625e+02 3.799207763671875000e+02 4.804967117309570312e+01 -4.455332183837890625e+01 -5.305648803710937500e+01
9.940017409999999387e+00 -4.167611312866210938e+01 2.371364746093750000e+02 3.786108093261718750e+02 4.839076232910156250e+01 -4.628694915771484375e+01 -5.386413955688476562e+01
9.965328740000000352e+00 -4.064108276367187500e+01 2.357043762207031250e+02 3.770423583984375000e+02 4.845186996459960938e+01 -4.754594421386718750e+01 -5.489254760742187500e+01
9.990623629999999977e+00 -3.953151702880859375e+01 2.342639617919921875e+02 3.753010559082031250e+02 4.813883972167968750e+01 -4.865508270263671875e+01 -5.564450836181640625e+01
1.001590294000000014e+01 -3.830911636352539062e+01 2.332722473144531250e+02 3.737351074218750000e+02 4.786481857299804688e+01 -4.923654937744140625e+01 -5.591120147705078125e+01
1.004116752999999918e+01 -3.691484832763671875e+01 2.322099761962890625e+02 3.724712219238281250e+02 4.806464004516601562e+01 -4.974340057373046875e+01 -5.592226409912109375e+01
1.006641637000000067e+01 -3.559613800048828125e+01 2.308048095703125000e+02 3.712803344726562500e+02 4.790785217285156250e+01 -5.064801025390625000e+01 -5.622668075561523438e+01
1.009164748999999972e+01 -3.435937500000000000e+01 2.293798828125000000e+02 3.698701171875000000e+02 4.743396759033203125e+01 -5.160369110107421875e+01 -5.721850204467773438e+01
1.011686362999999922e+01 -3.305244827270507812e+01 2.279497528076171875e+02 3.683565979003906250e+02 4.672551727294921875e+01 -5.214926910400390625e+01 -5.857814788818359375e+01
1.014206566000000009e+01 -3.198386955261230469e+01 2.265350036621093750e+02 3.666567687988281250e+02 4.401716995239257812e+01 -5.185303497314453125e+01 -5.920237350463867188e+01
1.016724877999999954e+01 -3.053603935241699219e+01 2.255427246093750000e+02 3.652442932128906250e+02 4.380958557128906250e+01 -5.110167694091796875e+01 -5.856237411499023438e+01
1.019241760999999968e+01 -2.940386009216308594e+01 2.240212554931640625e+02 3.635418701171875000e+02 4.505582046508789062e+01 -5.075316619873046875e+01 -5.865542602539062500e+01
1.021756927000000026e+01 -2.811564636230468750e+01 2.226690521240234375e+02 3.620629577636718750e+02 4.690450668334960938e+01 -5.185026931762695312e+01 -5.888950347900390625e+01
1.024270553999999933e+01 -2.677131462097167969e+01 2.212883758544921875e+02 3.607140197753906250e+02 4.679743194580078125e+01 -5.304919433593750000e+01 -5.840235137939453125e+01
1.026782352999999937e+01 -2.555489921569824219e+01 2.199951171875000000e+02 3.593860168457031250e+02 4.583960723876953125e+01 -5.356049728393554688e+01 -5.866287231445312500e+01
1.029292691999999931e+01 -2.441658210754394531e+01 2.186110992431640625e+02 3.579867248535156250e+02 4.467513275146484375e+01 -5.467869567871093750e+01 -5.890858459472656250e+01
1.031801281000000081e+01 -2.317177581787109375e+01 2.170402069091796875e+02 3.563813781738281250e+02 4.381900787353515625e+01 -5.571154785156250000e+01 -5.925041198730468750e+01
1.034308208000000029e+01 -2.202927970886230469e+01 2.155297088623046875e+02 3.548649902343750000e+02 4.403428268432617188e+01 -5.602901840209960938e+01 -5.984438323974609375e+01
1.036813558000000057e+01 -2.096877479553222656e+01 2.143887786865234375e+02 3.533721008300781250e+02 4.476266098022460938e+01 -5.629598617553710938e+01 -6.044580841064453125e+01
1.039317136000000019e+01 -1.961226081848144531e+01 2.131691741943359375e+02 3.519271240234375000e+02 4.492469787597656250e+01 -5.642896270751953125e+01 -6.069275283813476562e+01
1.041819122000000064e+01 -1.843359184265136719e+01 2.120510406494140625e+02 3.503406066894531250e+02 4.531202697753906250e+01 -5.503324127197265625e+01 -6.035051727294921875e+01
1.044319229000000071e+01 -1.704173088073730469e+01 2.112462615966796875e+02 3.489467163085937500e+02 4.613631057739257812e+01 -5.488189315795898438e+01 -5.964212799072265625e+01
1.046817917000000087e+01 -1.580721473693847656e+01 2.101492004394531250e+02 3.476287231445312500e+02 4.643758010864257812e+01 -5.535369491577148438e+01 -5.869703674316406250e+01
1.049314616999999927e+01 -1.453717803955078125e+01 2.088821868896484375e+02 3.463810424804687500e+02 4.681140899658203125e+01 -5.607877349853515625e+01 -5.844575500488281250e+01
1.051809697000000021e+01 -1.329214859008789062e+01 2.075869903564453125e+02 3.448248596191406250e+02 4.707295227050781250e+01 -5.672567749023437500e+01 -5.809870147705078125e+01
1.054303149999999967e+01 -1.217876625061035156e+01 2.058071594238281250e+02 3.430555419921875000e+02 4.706366729736328125e+01 -5.734098815917968750e+01 -5.885813903808593750e+01
1.056794782000000055e+01 -1.080469989776611328e+01 2.043657989501953125e+02 3.418003540039062500e+02 4.674498748779296875e+01 -5.932865524291992188e+01 -5.926576995849609375e+01
1.059284773000000079e+01 -9.589843750000000000e+00 2.030908966064453125e+02 3.403233947753906250e+02 4.706327819824218750e+01 -6.074255371093750000e+01 -6.044060516357421875e+01
1.061772837000000003e+01 -8.293441772460937500e+00 2.015826568603515625e+02 3.387855529785156250e+02 4.708781051635742188e+01 -6.255467224121093750e+01 -6.166974258422851562e+01
1.064259245999999948e+01 -7.089818477630615234e+00 1.997875213623046875e+02 3.372140808105468750e+02 4.660466384887695312e+01 -6.424920654296875000e+01 -6.296099090576171875e+01
1.066743995000000034e+01 -6.117846965789794922e+00 1.980080566406250000e+02 3.353108520507812500e+02 4.614281845092773438e+01 -6.545194244384765625e+01 -6.419806671142578125e+01
1.069226981999999992e+01 -4.994091033935546875e+00 1.963244323730468750e+02 3.334772033691406250e+02 4.566282272338867188e+01 -6.656658172607421875e+01 -6.588899230957031250e+01
1.071708111000000052e+01 -3.804040670394897461e+00 1.944935302734375000e+02 3.316734619140625000e+02 4.521786880493164062e+01 -6.765242004394531250e+01 -6.682692718505859375e+01
1.074187466000000057e+01 -2.593694210052490234e+00 1.928206024169921875e+02 3.299649047851562500e+02 4.508427429199218750e+01 -6.823519134521484375e+01 -6.777669525146484375e+01
1.076665133999999924e+01 -1.455886721611022949e+00 1.909968414306640625e+02 3.282590942382812500e+02 4.442465972900390625e+01 -6.889942932128906250e+01 -6.860566711425781250e+01
1.079140924999999918e+01 -3.259044289588928223e-01 1.892976989746093750e+02 3.265251770019531250e+02 4.404422378540039062e+01 -6.950332641601562500e+01 -6.917628479003906250e+01
1.081614923999999966e+01 5.753632187843322754e-01 1.875901794433593750e+02 3.247878723144531250e+02 4.348545074462890625e+01 -7.008737945556640625e+01 -6.988658905029296875e+01
1.084087217999999986e+01 1.374284625053405762e+00 1.857122955322265625e+02 3.226889038085937500e+02 4.266844940185546875e+01 -7.015443420410156250e+01 -7.106486511230468750e+01
1.086557617000000064e+01 2.223228454589843750e+00 1.839409332275390625e+02 3.206007995605468750e+02 4.175522613525390625e+01 -6.993259429931640625e+01 -7.227165985107421875e+01
1.089026205999999952e+01 2.922235727310180664e+00 1.822924499511718750e+02 3.186175537109375000e+02 4.095002746582031250e+01 -6.978059387207031250e+01 -7.321955108642578125e+01
1.091492979999999946e+01 3.602060317993164062e+00 1.806892547607421875e+02 3.166082458496093750e+02 4.052319335937500000e+01 -6.949459838867187500e+01 -7.358892822265625000e+01
1.093958025999999961e+01 4.297123432159423828e+00 1.788552093505859375e+02 3.147517395019531250e+02 3.967742156982421875e+01 -6.959628295898437500e+01 -7.358566284179687500e+01
1.096421154000000087e+01 5.246703147888183594e+00 1.770754547119140625e+02 3.130207824707031250e+02 3.889145660400390625e+01 -7.047321319580078125e+01 -7.379199981689453125e+01
1.098882449999999977e+01 6.392372608184814453e+00 1.751958007812500000e+02 3.113025512695312500e+02 3.799069595336914062e+01 -7.147756195068359375e+01 -7.412680053710937500e+01
1.101342001000000081e+01 7.662594795227050781e+00 1.728997344970703125e+02 3.094582214355468750e+02 3.714945220947265625e+01 -7.281395721435546875e+01 -7.467094421386718750e+01
1.103799708999999929e+01 8.497686386108398438e+00 1.708085632324218750e+02 3.075662536621093750e+02 3.656396102905273438e+01 -7.412382507324218750e+01 -7.562825012207031250e+01
1.106255477999999925e+01 9.361377716064453125e+00 1.687839660644531250e+02 3.052773437500000000e+02 3.637056732177734375e+01 -7.477799987792968750e+01 -7.693598937988281250e+01
1.108709394000000081e+01 1.036188793182373047e+01 1.667119750976562500e+02 3.031297302246093750e+02 3.596767807006835938e+01 -7.530536651611328125e+01 -7.839208221435546875e+01
1.111161451000000078e+01 1.128662395477294922e+01 1.647038116455078125e+02 3.010413818359375000e+02 3.552869415283203125e+01 -7.556728363037109375e+01 -7.954298400878906250e+01
1.113611736999999913e+01 1.198514652252197266e+01 1.626578369140625000e+02 2.990415344238281250e+02 3.518196868896484375e+01 -7.582166290283203125e+01 -8.013642120361328125e+01
1.116060062000000030e+01 1.266072845458984375e+01 1.604299621582031250e+02 2.968333435058593750e+02 3.449333190917968750e+01 -7.634967041015625000e+01 -8.094548034667968750e+01
1.118506514000000074e+01 1.358550834655761719e+01 1.583331604003906250e+02 2.948128967285156250e+02 3.417391204833984375e+01 -7.858705139160156250e+01 -8.268940734863281250e+01
1.120951089000000067e+01 1.433725738525390625e+01 1.561949005126953125e+02 2.926154785156250000e+02 3.379093933105468750e+01 -7.719712829589843750e+01 -8.286647796630859375e+01
1.123393961999999924e+01 1.505965709686279297e+01 1.540696563720703125e+02 2.904233703613281250e+02 3.325554275512695312e+01 -7.769573211669921875e+01 -8.370256805419921875e+01
1.125834582999999967e+01 1.579441261291503906e+01 1.519382476806640625e+02 2.884107360839843750e+02 3.254098892211914062e+01 -7.882431793212890625e+01 -8.434423065185546875e+01
1.128273676000000059e+01 1.655125999450683594e+01 1.497942352294921875e+02 2.863655395507812500e+02 3.141802787780761719e+01 -7.973341369628906250e+01 -8.501787567138671875e+01
1.130710690000000085e+01 1.725592231750488281e+01 1.478413696289062500e+02 2.841582946777343750e+02 3.061091041564941406e+01 -8.084730529785156250e+01 -8.641348266601562500e+01
1.133145801999999946e+01 1.789187431335449219e+01 1.456432952880859375e+02 2.822029113769531250e+02 2.918838500976562500e+01 -8.132965850830078125e+01 -8.627913665771484375e+01
1.135579098999999914e+01 1.850416755676269531e+01 1.436045532226562500e+02 2.799944458007812500e+02 2.829393386840820312e+01 -8.219931030273437500e+01 -8.758375549316406250e+01
1.138010303000000079e+01 1.927807617187500000e+01 1.416121978759765625e+02 2.778599853515625000e+02 2.726181793212890625e+01 -8.264490509033203125e+01 -8.886215972900390625e+01
1.140439774999999933e+01 1.999614334106445312e+01 1.397774353027343750e+02 2.756338806152343750e+02 2.651528358459472656e+01 -8.256800842285156250e+01 -8.997705841064453125e+01
1.142867327000000088e+01 2.063843727111816406e+01 1.378203430175781250e+02 2.736029663085937500e+02 2.553284454345703125e+01 -8.323010253906250000e+01 -9.114645385742187500e+01
1.145292773999999980e+01 2.135500907897949219e+01 1.358972930908203125e+02 2.713332519531250000e+02 2.489597892761230469e+01 -8.345915985107421875e+01 -9.218363952636718750e+01
1.147716566000000071e+01 2.214955139160156250e+01 1.337299194335937500e+02 2.691447448730468750e+02 2.402496528625488281e+01 -8.420649719238281250e+01 -9.344407653808593750e+01
1.150138152999999974e+01 2.286156272888183594e+01 1.317306823730468750e+02 2.668671264648437500e+02 2.241752433776855469e+01 -8.702058410644531250e+01 -9.674081420898437500e+01
1.152557986999999962e+01 2.367482948303222656e+01 1.292425231933593750e+02 2.644638061523437500e+02 2.342770957946777344e+01 -8.612156677246093750e+01 -9.658661651611328125e+01
1.154975789999999947e+01 2.429650115966796875e+01 1.271132278442382812e+02 2.621648559570312500e+02 2.163316345214843750e+01 -8.551469421386718750e+01 -9.788391876220703125e+01
1.157391649000000022e+01 2.480144691467285156e+01 1.249915008544921875e+02 2.595415954589843750e+02 2.117962646484375000e+01 -8.616683959960937500e+01 -9.958541107177734375e+01
1.159805650999999926e+01 2.564234352111816406e+01 1.226888046264648438e+02 2.571448364257812500e+02 2.128158760070800781e+01 -8.685232543945312500e+01 -1.010090866088867188e+02
1.162217522000000081e+01 2.630719375610351562e+01 1.206484069824218750e+02 2.547869110107421875e+02 2.158006095886230469e+01 -8.841744995117187500e+01 -1.022692947387695312e+02
1.164627527000000029e+01 2.680163955688476562e+01 1.183769531250000000e+02 2.524449462890625000e+02 2.196549034118652344e+01 -9.115971374511718750e+01 -1.048877716064453125e+02
1.167035665000000044e+01 2.729109573364257812e+01 1.160994720458984375e+02 2.497396545410156250e+02 2.016045761108398438e+01 -8.914201354980468750e+01 -1.054532928466796875e+02
1.169441658999999945e+01 2.791555595397949219e+01 1.139226760864257812e+02 2.471758728027343750e+02 1.948560142517089844e+01 -9.413626861572265625e+01 -1.091075439453125000e+02
1.171846047999999918e+01 2.833171844482421875e+01 1.116868286132812500e+02 2.444103393554687500e+02 1.869490051269531250e+01 -9.465455627441406250e+01 -1.101065292358398438e+02
1.174248107999999924e+01 2.886301994323730469e+01 1.095991592407226562e+02 2.416663055419921875e+02 1.698284721374511719e+01 -9.079128265380859375e+01 -1.111133270263671875e+02
1.176648284999999916e+01 2.940280532836914062e+01 1.073487396240234375e+02 2.389975433349609375e+02 1.654137039184570312e+01 -9.181987762451171875e+01 -1.138538818359375000e+02
1.179046574999999919e+01 2.994775009155273438e+01 1.050589599609375000e+02 2.361324310302734375e+02 1.464020729064941406e+01 -9.844103240966796875e+01 -1.187687149047851562e+02
1.181442795999999973e+01 3.041038703918457031e+01 1.028003692626953125e+02 2.331575164794921875e+02 1.602276229858398438e+01 -9.307943725585937500e+01 -1.196912841796875000e+02
1.183837034999999993e+01 3.077001571655273438e+01 1.006304626464843750e+02 2.302070465087890625e+02 1.603751754760742188e+01 -9.266078948974609375e+01 -1.217414245605468750e+02
1.186229288000000004e+01 3.136043930053710938e+01 9.832688140869140625e+01 2.272475128173828125e+02 1.423959445953369141e+01 -9.446180725097656250e+01 -1.254116744995117188e+02
1.188619641000000016e+01 3.172611236572265625e+01 9.583817291259765625e+01 2.241976318359375000e+02 1.585469627380371094e+01 -9.406630706787109375e+01 -1.263381729125976562e+02
1.191007912000000069e+01 3.204546356201171875e+01 9.339728546142578125e+01 2.212231903076171875e+02 1.351628303527832031e+01 -9.647682189941406250e+01 -1.289784240722656250e+02
1.193394366999999967e+01 3.230124282836914062e+01 9.094000244140625000e+01 2.180631103515625000e+02 1.294305801391601562e+01 -9.851815795898437500e+01 -1.309120635986328125e+02
1.195778555999999959e+01 3.249649810791015625e+01 8.859897613525390625e+01 2.147776641845703125e+02 1.335530948638916016e+01 -9.619038391113281250e+01 -1.315045013427734375e+02
1.198160833000000025e+01 3.276724624633789062e+01 8.622492980957031250e+01 2.115196685791015625e+02 1.181316184997558594e+01 -1.041646575927734375e+02 -1.350743103027343750e+02
1.200541194999999917e+01 3.287484359741210938e+01 8.395088195800781250e+01 2.080126953125000000e+02 1.157879447937011719e+01 -9.807109069824218750e+01 -1.374021606445312500e+02
1.202919462000000017e+01 3.307157135009765625e+01 8.192799377441406250e+01 2.046147308349609375e+02 1.184109210968017578e+01 -9.993836212158203125e+01 -1.419312591552734375e+02
1.205295629999999996e+01 3.339902496337890625e+01 7.977722930908203125e+01 2.012132873535156250e+02 9.053136825561523438e+00 -1.011948547363281250e+02 -1.446700134277343750e+02
1.207669963000000024e+01 3.359355163574218750e+01 7.743959045410156250e+01 1.977603912353515625e+02 1.009524822235107422e+01 -9.883494567871093750e+01 -1.438220214843750000e+02
1.210042282000000036e+01 3.384359359741210938e+01 7.522709655761718750e+01 1.942489471435546875e+02 6.771457195281982422e+00 -9.997534179687500000e+01 -1.499778137207031250e+02
1.212412583000000055e+01 3.412878036499023438e+01 7.288549041748046875e+01 1.906718292236328125e+02 7.960270881652832031e+00 -1.011350021362304688e+02 -1.509779205322265625e+02
1.214780775000000013e+01 3.448036956787109375e+01 7.046244049072265625e+01 1.871875457763671875e+02 7.403997421264648438e+00 -1.019303436279296875e+02 -1.539105224609375000e+02
1.217146945000000002e+01 3.496096038818359375e+01 6.812009429931640625e+01 1.835926055908203125e+02 6.677280426025390625e+00 -1.053793029785156250e+02 -1.560307617187500000e+02
1.219511177999999951e+01 3.531140518188476562e+01 6.577581024169921875e+01 1.798414916992187500e+02 5.910852909088134766e+00 -1.094280548095703125e+02 -1.599720153808593750e+02
1.221873294999999970e+01 3.560734558105468750e+01 6.322134780883789062e+01 1.761381835937500000e+02 6.610336303710937500e+00 -1.112520370483398438e+02 -1.647191009521484375e+02
1.224233294999999977e+01 3.585892105102539062e+01 6.049389266967773438e+01 1.722952880859375000e+02 1.526508331298828125e+00 -1.056284713745117188e+02 -1.677859649658203125e+02
1.226591439000000072e+01 3.610071563720703125e+01 5.750547027587890625e+01 1.683399658203125000e+02 4.291943550109863281e+00 -1.085137939453125000e+02 -1.716705322265625000e+02
1.228947460000000014e+01 3.591044998168945312e+01 5.459323501586914062e+01 1.640902709960937500e+02 -2.744576930999755859e+00 -1.125930786132812500e+02 -1.781162567138671875e+02
1.231301533000000070e+01 3.562838363647460938e+01 5.184153747558593750e+01 1.596390838623046875e+02 -5.577846527099609375e+00 -1.097900772094726562e+02 -1.817862243652343750e+02
1.233653480000000080e+01 3.531006622314453125e+01 4.921627044677734375e+01 1.551289672851562500e+02 -4.123745918273925781e+00 -1.087273254394531250e+02 -1.841798706054687500e+02
1.236003385000000065e+01 3.502898406982421875e+01 4.655329513549804688e+01 1.506053466796875000e+02 -1.026684761047363281e+01 -1.124270019531250000e+02 -1.903538513183593750e+02
1.238351336000000025e+01 3.446202087402343750e+01 4.395436096191406250e+01 1.459100646972656250e+02 -1.011093902587890625e+01 -1.095115814208984375e+02 -1.940397949218750000e+02
1.240697154000000069e+01 3.401252746582031250e+01 4.150436782836914062e+01 1.410423278808593750e+02 -1.130630874633789062e+01 -1.070348281860351562e+02 -2.007577667236328125e+02
1.243040925999999935e+01 3.355417633056640625e+01 3.920061492919921875e+01 1.362023010253906250e+02 -1.234225368499755859e+01 -1.089169921875000000e+02 -2.016129913330078125e+02
1.245382648000000003e+01 3.315052795410156250e+01 3.669416809082031250e+01 1.314044036865234375e+02 -1.353410911560058594e+01 -1.031137161254882812e+02 -2.054344329833984375e+02
1.247722321000000001e+01 3.290097808837890625e+01 3.407601165771484375e+01 1.265392227172851562e+02 -1.348458862304687500e+01 -1.042883071899414062e+02 -2.097401428222656250e+02
1.250060028000000045e+01 3.228870010375976562e+01 3.141651344299316406e+01 1.212519302368164062e+02 -1.533160972595214844e+01 -1.089055938720703125e+02 -2.142061309814453125e+02
1.252395680999999961e+01 3.196531867980957031e+01 2.885757827758789062e+01 1.159595184326171875e+02 -1.476738357543945312e+01 -1.063051376342773438e+02 -2.182117767333984375e+02
1.254729191000000021e+01 3.171175765991210938e+01 2.624678993225097656e+01 1.107011795043945312e+02 -1.790798187255859375e+01 -1.063381576538085938e+02 -2.257741851806640625e+02
1.257060556999999967e+01 3.141434860229492188e+01 2.350195312500000000e+01 1.053703002929687500e+02 -1.960174751281738281e+01 -1.088606033325195312e+02 -2.295311889648437500e+02
1.259390037000000007e+01 3.093718719482421875e+01 2.057242584228515625e+01 9.984160614013671875e+01 -2.004862213134765625e+01 -1.050862121582031250e+02 -2.342819519042968750e+02
1.261717456999999953e+01 3.039022254943847656e+01 1.765758705139160156e+01 9.410346221923828125e+01 -2.175047683715820312e+01 -1.046303863525390625e+02 -2.406372985839843750e+02
1.264042726999999999e+01 2.967277336120605469e+01 1.492237377166748047e+01 8.806529235839843750e+01 -2.764474678039550781e+01 -1.103311080932617188e+02 -2.521837310791015625e+02
1.266366020999999975e+01 2.887009811401367188e+01 1.240366268157958984e+01 8.180100250244140625e+01 -2.662508773803710938e+01 -1.065556564331054688e+02 -2.561759338378906250e+02
1.268687075999999969e+01 2.799256134033203125e+01 9.825798988342285156e+00 7.546414947509765625e+01 -3.031078338623046875e+01 -1.058041992187500000e+02 -2.624925537109375000e+02
1.271006324000000021e+01 2.713342094421386719e+01 7.339781284332275391e+00 6.921651458740234375e+01 -3.366503524780273438e+01 -1.060357513427734375e+02 -2.698219299316406250e+02
1.273323330000000020e+01 2.610519409179687500e+01 5.000248908996582031e+00 6.267267227172851562e+01 -3.796146392822265625e+01 -1.075363616943359375e+02 -2.785220642089843750e+02
1.275638267999999975e+01 2.509132957458496094e+01 2.316511869430541992e+00 5.588178634643554688e+01 -4.060671997070312500e+01 -1.105916748046875000e+02 -2.860793151855468750e+02
1.277951048000000078e+01 2.424034690856933594e+01 -2.751293778419494629e-01 4.884270477294921875e+01 -4.999001693725585938e+01 -1.070899658203125000e+02 -2.998636779785156250e+02
1.280261843000000077e+01 2.282420539855957031e+01 -2.737889289855957031e+00 4.123514938354492188e+01 -5.802417373657226562e+01 -1.039886322021484375e+02 -3.110785522460937500e+02
1.282570650999999984e+01 2.111609268188476562e+01 -4.965714454650878906e+00 3.338325881958007812e+01 -6.745934295654296875e+01 -9.814996337890625000e+01 -3.201501464843750000e+02
1.284877297999999968e+01 1.939835739135742188e+01 -7.575948238372802734e+00 2.519857788085937500e+01 -8.035500335693359375e+01 -9.013871002197265625e+01 -3.277749023437500000e+02
1.287181870000000039e+01 1.697113800048828125e+01 -9.477010726928710938e+00 1.646812820434570312e+01 -9.536179351806640625e+01 -7.732585144042968750e+01 -3.197781677246093750e+02
1.289484451999999948e+01 1.396958446502685547e+01 -1.138451766967773438e+01 7.448497772216796875e+00 -1.216998443603515625e+02 -5.005323028564453125e+01 -3.215713806152343750e+02
1.291785042000000061e+01 1.152460670471191406e+01 -1.399338150024414062e+01 1.755573153495788574e-01 -1.546873016357421875e+02 -2.155105400085449219e+01 -3.149772949218750000e+02
1.294083381000000088e+01 7.012253761291503906e+00 -1.479387664794921875e+01 -9.210452079772949219e+00 -1.794337463378906250e+02 1.386192798614501953e+01 -2.906149597167968750e+02
1.296379467999999946e+01 4.187337875366210938e+00 -1.704661178588867188e+01 -1.605941390991210938e+01 -1.882579193115234375e+02 2.597025108337402344e+01 -2.710685119628906250e+02
1.298673819000000051e+01 -7.980823040008544922e+00 -8.499154090881347656e+00 -2.560406875610351562e+01 -2.004952850341796875e+02 6.101736450195312500e+01 -2.404456176757812500e+02
1.300965917000000083e+01 -1.356200218200683594e+01 -6.326234340667724609e+00 -3.139550209045410156e+01 -2.319368286132812500e+02 8.323435211181640625e+01 -2.436513061523437500e+02
1.303255932999999978e+01 -1.903658103942871094e+01 -3.884037733078002930e+00 -3.673421859741210938e+01 -2.283100585937500000e+02 9.927045440673828125e+01 -2.209037475585937500e+02
1.305543864999999926e+01 -2.449629402160644531e+01 -1.160156250000000000e+00 -4.182104873657226562e+01 -2.040316314697265625e+02 9.372656250000000000e+01 -1.892275238037109375e+02
1.307829798999999937e+01 -2.905643463134765625e+01 8.142167329788208008e-01 -4.637704467773437500e+01 -1.963879394531250000e+02 9.661850738525390625e+01 -1.760926055908203125e+02
1.310113649000000002e+01 -3.362435150146484375e+01 2.758160829544067383e+00 -5.015107345581054688e+01 -1.876743621826171875e+02 9.437803649902343750e+01 -1.665310211181640625e+02
1.312395328000000028e+01 -3.772840118408203125e+01 4.656635761260986328e+00 -5.396350097656250000e+01 -1.765069732666015625e+02 8.925411987304687500e+01 -1.531418151855468750e+02
1.314674920999999941e+01 -4.146660995483398438e+01 6.319678306579589844e+00 -5.753919982910156250e+01 -1.702429199218750000e+02 8.925310516357421875e+01 -1.444152221679687500e+02
1.316952342000000087e+01 -4.484079742431640625e+01 7.984530925750732422e+00 -6.092163467407226562e+01 -1.586223907470703125e+02 8.184200286865234375e+01 -1.336044311523437500e+02
1.319227930999999998e+01 -4.858429336547851562e+01 1.122984695434570312e+01 -6.217282104492187500e+01 -1.499579620361328125e+02 7.687387847900390625e+01 -1.262407150268554688e+02
1.321501177000000027e+01 -5.112133789062500000e+01 1.078501319885253906e+01 -6.694932556152343750e+01 -1.408568420410156250e+02 7.294149780273437500e+01 -1.188090591430664062e+02
1.323772420000000061e+01 -5.408593368530273438e+01 1.212852001190185547e+01 -6.980171203613281250e+01 -1.325060424804687500e+02 6.773696899414062500e+01 -1.108793869018554688e+02
1.326041743999999944e+01 -5.680130386352539062e+01 1.344642543792724609e+01 -7.237065124511718750e+01 -1.242471313476562500e+02 6.252043151855468750e+01 -1.045991897583007812e+02
1.328308724999999946e+01 -5.933752822875976562e+01 1.452443218231201172e+01 -7.462462615966796875e+01 -1.161951675415039062e+02 5.941667175292968750e+01 -9.789627075195312500e+01
1.330573784999999987e+01 -6.174260330200195312e+01 1.575646305084228516e+01 -7.678029632568359375e+01 -1.092136077880859375e+02 5.481378173828125000e+01 -9.137611389160156250e+01
1.332836585000000085e+01 -6.404222869873046875e+01 1.683794212341308594e+01 -7.876553344726562500e+01 -1.030042800903320312e+02 5.236004257202148438e+01 -8.434360504150390625e+01
1.335097548999999972e+01 -6.614143371582031250e+01 1.809280395507812500e+01 -8.061341094970703125e+01 -9.556046295166015625e+01 4.869853973388671875e+01 -7.762113952636718750e+01
1.337356169000000072e+01 -6.810350799560546875e+01 1.901890945434570312e+01 -8.217197418212890625e+01 -9.050671386718750000e+01 4.582351684570312500e+01 -7.128791046142578125e+01
1.339612866000000047e+01 -6.989741516113281250e+01 1.989492988586425781e+01 -8.360264587402343750e+01 -8.550080871582031250e+01 4.366484451293945312e+01 -6.423547363281250000e+01
1.341867472000000028e+01 -7.170444488525390625e+01 2.082304954528808594e+01 -8.499583435058593750e+01 -8.149567413330078125e+01 4.064980316162109375e+01 -5.908023071289062500e+01
1.344119902999999994e+01 -7.341059875488281250e+01 2.162108612060546875e+01 -8.612329864501953125e+01 -7.640322113037109375e+01 3.816541671752929688e+01 -5.289600753784179688e+01
1.346370240999999979e+01 -7.495827484130859375e+01 2.242923927307128906e+01 -8.736440277099609375e+01 -7.238937377929687500e+01 3.526169204711914062e+01 -4.876976013183593750e+01
1.348618571999999993e+01 -7.646103668212890625e+01 2.306833267211914062e+01 -8.831167602539062500e+01 -6.752218627929687500e+01 3.367588806152343750e+01 -4.402258300781250000e+01
1.350864726000000005e+01 -7.782700347900390625e+01 2.364828872680664062e+01 -8.933415985107421875e+01 -6.229518890380859375e+01 3.062584686279296875e+01 -4.146065521240234375e+01
1.353108871999999963e+01 -7.911285400390625000e+01 2.416115379333496094e+01 -9.036714935302734375e+01 -5.971240997314453125e+01 2.754100418090820312e+01 -3.841940307617187500e+01
1.355350759000000060e+01 -8.047143554687500000e+01 2.480200004577636719e+01 -9.130339050292968750e+01 -5.683470535278320312e+01 2.604516220092773438e+01 -3.605123519897460938e+01
1.357590719999999962e+01 -8.164980316162109375e+01 2.531815528869628906e+01 -9.221918487548828125e+01 -5.343410491943359375e+01 2.496042823791503906e+01 -3.375154876708984375e+01
1.359828506000000026e+01 -8.270854187011718750e+01 2.579356384277343750e+01 -9.321817016601562500e+01 -5.009496307373046875e+01 2.329281806945800781e+01 -3.131767654418945312e+01
1.362064282999999953e+01 -8.377029418945312500e+01 2.629733467102050781e+01 -9.409286499023437500e+01 -4.616594696044921875e+01 2.177713394165039062e+01 -2.901495933532714844e+01
1.364297967999999983e+01 -8.494687652587890625e+01 2.713039779663085938e+01 -9.470379638671875000e+01 -4.213498687744140625e+01 2.039469528198242188e+01 -2.572356605529785156e+01
1.366529393000000070e+01 -8.581394195556640625e+01 2.760678100585937500e+01 -9.523509216308593750e+01 -3.858209228515625000e+01 1.935696220397949219e+01 -2.218652725219726562e+01
1.368758893999999948e+01 -8.648991394042968750e+01 2.803426170349121094e+01 -9.561285400390625000e+01 -3.506567382812500000e+01 1.778580856323242188e+01 -1.865863800048828125e+01
1.370986219000000084e+01 -8.716372680664062500e+01 2.843196868896484375e+01 -9.593706512451171875e+01 -3.119905471801757812e+01 1.582250881195068359e+01 -1.498697185516357422e+01
1.373211535999999988e+01 -8.774224090576171875e+01 2.873377799987792969e+01 -9.626184082031250000e+01 -2.759569549560546875e+01 1.389240837097167969e+01 -1.174534606933593750e+01
1.375434594999999938e+01 -8.824050903320312500e+01 2.893921661376953125e+01 -9.643165588378906250e+01 -2.338665390014648438e+01 1.228552627563476562e+01 -8.692806243896484375e+00
1.377655728999999951e+01 -8.861921691894531250e+01 2.913348579406738281e+01 -9.648081970214843750e+01 -2.007920455932617188e+01 1.072783565521240234e+01 -5.031804561614990234e+00
1.377877759999999974e+01 -8.901427459716796875e+01 2.945692443847656250e+01 -9.658033752441406250e+01 -1.730287551879882812e+01 1.022922706604003906e+01 -2.224351406097412109e+00
1.378099605000000061e+01 -8.903238677978515625e+01 2.943432044982910156e+01 -9.654503631591796875e+01 -1.677374076843261719e+01 9.697505950927734375e+00 -1.541444301605224609e+00
1.378321595000000066e+01 -8.910119628906250000e+01 2.943901252746582031e+01 -9.656823730468750000e+01 -1.671817016601562500e+01 9.927711486816406250e+00 -1.642614841461181641e+00
1.378543563000000027e+01 -8.904517364501953125e+01 2.944370841979980469e+01 -9.644706726074218750e+01 -1.636381912231445312e+01 9.497882843017578125e+00 -1.303675651550292969e+00
1.378765510999999933e+01 -8.906326293945312500e+01 2.946010780334472656e+01 -9.644292449951171875e+01 -1.573467826843261719e+01 9.238889694213867188e+00 -8.529310226440429688e-01
1.378987438000000054e+01 -8.917503356933593750e+01 2.953505897521972656e+01 -9.654806518554687500e+01 -1.568212127685546875e+01 9.594024658203125000e+00 -6.498813629150390625e-01
1.379209260999999920e+01 -8.917363739013671875e+01 2.946950149536132812e+01 -9.650099945068359375e+01 -1.542162132263183594e+01 9.009299278259277344e+00 -2.261300086975097656e-01
1.379430980999999967e+01 -8.919956207275390625e+01 2.954056930541992188e+01 -9.650856781005859375e+01 -1.524302577972412109e+01 9.104150772094726562e+00 -9.622955322265625000e-02
1.379652845000000028e+01 -8.920594787597656250e+01 2.953355789184570312e+01 -9.643412017822265625e+01 -1.485306835174560547e+01 8.923531532287597656e+00 3.944253921508789062e-02
1.379874687999999949e+01 -8.924750518798828125e+01 2.962028312683105469e+01 -9.644167327880859375e+01 -1.459556961059570312e+01 8.769481658935546875e+00 4.693598747253417969e-01
