6.456227479999999908e+00 -4.301042785644531250e+02 -3.134849548339843750e+02 -1.767841339111328125e+02 -1.536309814453125000e+01 -1.998202133178710938e+01 1.218125343322753906e+01
6.482226409999999994e+00 -4.304933776855468750e+02 -3.141586914062500000e+02 -1.764173126220703125e+02 -1.490801620483398438e+01 -1.938157653808593750e+01 1.216717338562011719e+01
6.508233849999999876e+00 -4.308982543945312500e+02 -3.147887268066406250e+02 -1.761590576171875000e+02 -1.433575820922851562e+01 -1.878674316406250000e+01 1.233022499084472656e+01
6.534250570000000202e+00 -4.312684631347656250e+02 -3.151082763671875000e+02 -1.760061950683593750e+02 -1.365071487426757812e+01 -1.739812850952148438e+01 1.287089157104492188e+01
6.560274390000000011e+00 -4.315229492187500000e+02 -3.153944396972656250e+02 -1.756329803466796875e+02 -1.310396957397460938e+01 -1.598654556274414062e+01 1.327518844604492188e+01
6.586306079999999952e+00 -4.318822326660156250e+02 -3.156088562011718750e+02 -1.752758483886718750e+02 -1.241985702514648438e+01 -1.493786621093750000e+01 1.341692733764648438e+01
6.612346399999999846e+00 -4.318776855468750000e+02 -3.159470825195312500e+02 -1.749690704345703125e+02 -1.148695373535156250e+01 -1.494354248046875000e+01 1.314236831665039062e+01
6.638393169999999621e+00 -4.318829345703125000e+02 -3.164787902832031250e+02 -1.746233062744140625e+02 -1.028640747070312500e+01 -1.514102172851562500e+01 1.264132308959960938e+01
6.664447169999999865e+00 -4.317821960449218750e+02 -3.169739074707031250e+02 -1.742382202148437500e+02 -9.095615386962890625e+00 -1.485506820678710938e+01 1.280381202697753906e+01
6.690508190000000077e+00 -4.317984008789062500e+02 -3.175052795410156250e+02 -1.738996124267578125e+02 -7.828796386718750000e+00 -1.480363464355468750e+01 1.348048591613769531e+01
6.716576970000000202e+00 -4.317513732910156250e+02 -3.180776062011718750e+02 -1.734007263183593750e+02 -6.216396331787109375e+00 -1.483719635009765625e+01 1.438374519348144531e+01
6.742651369999999922e+00 -4.317573852539062500e+02 -3.185180053710937500e+02 -1.729739685058593750e+02 -4.410964965820312500e+00 -1.502704238891601562e+01 1.490841293334960938e+01
6.768732149999999947e+00 -4.318215026855468750e+02 -3.188992614746093750e+02 -1.723986358642578125e+02 -2.972988128662109375e+00 -1.483113098144531250e+01 1.563825988769531250e+01
6.794819099999999779e+00 -4.318832092285156250e+02 -3.194037170410156250e+02 -1.718215026855468750e+02 -1.745906829833984375e+00 -1.484906005859375000e+01 1.663742446899414062e+01
6.820912980000000125e+00 -4.316936950683593750e+02 -3.198403930664062500e+02 -1.713998260498046875e+02 -1.113178253173828125e+00 -1.532028961181640625e+01 1.739914703369140625e+01
6.847012630000000044e+00 -4.316580810546875000e+02 -3.202655639648437500e+02 -1.711087036132812500e+02 -8.581047058105468750e-01 -1.557088088989257812e+01 1.799622726440429688e+01
6.873115860000000410e+00 -4.315186157226562500e+02 -3.204946899414062500e+02 -1.704222717285156250e+02 -5.632209777832031250e-01 -1.617125701904296875e+01 1.886460494995117188e+01
6.899226389999999931e+00 -4.314419250488281250e+02 -3.208917846679687500e+02 -1.697864837646484375e+02 -8.662414550781250000e-01 -1.584012985229492188e+01 1.917672348022460938e+01
6.925341089999999866e+00 -4.315963134765625000e+02 -3.212064208984375000e+02 -1.691090087890625000e+02 -1.614818572998046875e+00 -1.526087951660156250e+01 1.899237251281738281e+01
6.951461690000000360e+00 -4.315897521972656250e+02 -3.214868164062500000e+02 -1.683054809570312500e+02 -1.277481079101562500e+00 -1.433867263793945312e+01 1.875041389465332031e+01
6.977586050000000206e+00 -4.316873474121093750e+02 -3.216970214843750000e+02 -1.677345733642578125e+02 -9.421958923339843750e-01 -1.371976470947265625e+01 1.763311576843261719e+01
7.003714940000000055e+00 -4.317074584960937500e+02 -3.220058288574218750e+02 -1.672023620605468750e+02 -4.798698425292968750e-01 -1.304188537597656250e+01 1.660097694396972656e+01
7.029849139999999608e+00 -4.316941528320312500e+02 -3.223157958984375000e+02 -1.668789215087890625e+02 -4.751472473144531250e-01 -1.318472671508789062e+01 1.516633415222167969e+01
7.055985510000000183e+00 -4.317232055664062500e+02 -3.225417785644531250e+02 -1.663674316406250000e+02 -5.259284973144531250e-01 -1.312949371337890625e+01 1.417062187194824219e+01
7.082127759999999661e+00 -4.316964416503906250e+02 -3.231503295898437500e+02 -1.662726898193359375e+02 -1.519737243652343750e-01 -1.289453506469726562e+01 1.336097717285156250e+01
7.108273750000000391e+00 -4.315277404785156250e+02 -3.234195251464843750e+02 -1.657515411376953125e+02 1.195556640625000000e+00 -1.187497329711914062e+01 1.298493003845214844e+01
7.134422279999999894e+00 -4.313244628906250000e+02 -3.235768737792968750e+02 -1.652475585937500000e+02 2.255500793457031250e+00 -1.065445709228515625e+01 1.254640388488769531e+01
7.160574160000000354e+00 -4.313035583496093750e+02 -3.236848449707031250e+02 -1.651231536865234375e+02 2.815536499023437500e+00 -1.009963226318359375e+01 1.231818199157714844e+01
7.186729180000000383e+00 -4.311035766601562500e+02 -3.237068481445312500e+02 -1.649002227783203125e+02 3.692882537841796875e+00 -9.436679840087890625e+00 1.133957672119140625e+01
7.212888119999999681e+00 -4.307593383789062500e+02 -3.237149047851562500e+02 -1.646052703857421875e+02 4.523811340332031250e+00 -9.203048706054687500e+00 1.044780921936035156e+01
7.239048839999999707e+00 -4.306625061035156250e+02 -3.239282531738281250e+02 -1.644523620605468750e+02 4.978324890136718750e+00 -8.581104278564453125e+00 9.281023025512695312e+00
7.265212110000000223e+00 -4.305038452148437500e+02 -3.240784606933593750e+02 -1.643053588867187500e+02 5.368083953857421875e+00 -8.333385467529296875e+00 9.483163833618164062e+00
7.291377759999999597e+00 -4.302368164062500000e+02 -3.242980346679687500e+02 -1.638934020996093750e+02 5.657703399658203125e+00 -7.983341217041015625e+00 1.005168342590332031e+01
7.317546560000000255e+00 -4.300679321289062500e+02 -3.245371093750000000e+02 -1.634353942871093750e+02 6.076309204101562500e+00 -7.955852508544921875e+00 1.099422645568847656e+01
7.343716360000000165e+00 -4.298087158203125000e+02 -3.247772827148437500e+02 -1.630740203857421875e+02 6.392932891845703125e+00 -7.299098968505859375e+00 1.156641006469726562e+01
7.369888949999999994e+00 -4.295557861328125000e+02 -3.250603637695312500e+02 -1.626620635986328125e+02 6.727809906005859375e+00 -6.547245025634765625e+00 1.238313102722167969e+01
7.396062159999999608e+00 -4.291560058593750000e+02 -3.252195739746093750e+02 -1.623058471679687500e+02 7.676319122314453125e+00 -6.203556060791015625e+00 1.325367546081542969e+01
7.422236800000000301e+00 -4.288177490234375000e+02 -3.254447631835937500e+02 -1.620849761962890625e+02 8.957508087158203125e+00 -5.817066192626953125e+00 1.375013542175292969e+01
7.448412669999999736e+00 -4.285041503906250000e+02 -3.255592346191406250e+02 -1.618465881347656250e+02 9.335144042968750000e+00 -5.370143890380859375e+00 1.386787605285644531e+01
7.474590570000000156e+00 -4.282949829101562500e+02 -3.257257080078125000e+02 -1.618150787353515625e+02 9.851295471191406250e+00 -5.159008026123046875e+00 1.345458030700683594e+01
7.500767370000000156e+00 -4.279989318847656250e+02 -3.259541931152343750e+02 -1.616263732910156250e+02 9.585048675537109375e+00 -6.224636077880859375e+00 1.259650421142578125e+01
7.526946820000000038e+00 -4.273613891601562500e+02 -3.261181030273437500e+02 -1.616647796630859375e+02 3.261463165283203125e+00 -1.197445297241210938e+01 1.220553684234619141e+01
7.553126770000000434e+00 -4.264363098144531250e+02 -3.263773803710937500e+02 -1.619840393066406250e+02 -6.149864196777343750e-01 -1.497425079345703125e+01 1.266659545898437500e+01
7.579306049999999573e+00 -4.259967041015625000e+02 -3.265766601562500000e+02 -1.619859619140625000e+02 -6.405410766601562500e-01 -1.468869400024414062e+01 1.322866821289062500e+01
7.605485469999999637e+00 -4.254067077636718750e+02 -3.268625793457031250e+02 -1.623980255126953125e+02 3.597549438476562500e+00 -1.329220199584960938e+01 1.304018115997314453e+01
7.631664849999999944e+00 -4.249218139648437500e+02 -3.270457153320312500e+02 -1.622350158691406250e+02 1.186421585083007812e+01 -1.086615562438964844e+01 1.111784267425537109e+01
7.657843999999999873e+00 -4.243236083984375000e+02 -3.272585754394531250e+02 -1.623166351318359375e+02 1.389081573486328125e+01 -1.036358261108398438e+01 1.161120986938476562e+01
7.684023729999999830e+00 -4.239363098144531250e+02 -3.277261047363281250e+02 -1.624394989013671875e+02 1.444573974609375000e+01 -9.946355819702148438e+00 1.241029644012451172e+01
7.710202889999999698e+00 -4.234310302734375000e+02 -3.278228149414062500e+02 -1.620195465087890625e+02 1.440109634399414062e+01 -9.063537597656250000e+00 1.364177417755126953e+01
7.736379330000000110e+00 -4.229942626953125000e+02 -3.279492492675781250e+02 -1.612831268310546875e+02 1.409874725341796875e+01 -8.164165496826171875e+00 1.562336826324462891e+01
7.762556810000000418e+00 -4.225157165527343750e+02 -3.280333251953125000e+02 -1.606128845214843750e+02 1.398937606811523438e+01 -7.161304473876953125e+00 1.732787704467773438e+01
7.788733180000000367e+00 -4.221208801269531250e+02 -3.279783630371093750e+02 -1.598742980957031250e+02 1.393091583251953125e+01 -6.285629272460937500e+00 1.930833053588867188e+01
7.814907289999999840e+00 -4.217715759277343750e+02 -3.278751831054687500e+02 -1.590717010498046875e+02 1.371709823608398438e+01 -5.566007614135742188e+00 2.089427566528320312e+01
7.841079960000000071e+00 -4.214148559570312500e+02 -3.279126586914062500e+02 -1.582774047851562500e+02 1.392302703857421875e+01 -4.630483627319335938e+00 2.291873931884765625e+01
7.867251979999999811e+00 -4.209486083984375000e+02 -3.277514648437500000e+02 -1.571169891357421875e+02 1.393843460083007812e+01 -3.356561660766601562e+00 2.479750061035156250e+01
7.893420260000000077e+00 -4.206011962890625000e+02 -3.276338500976562500e+02 -1.563874359130859375e+02 1.390155792236328125e+01 -2.157512664794921875e+00 2.656436157226562500e+01
7.919589509999999777e+00 -4.203101501464843750e+02 -3.277167663574218750e+02 -1.555543518066406250e+02 1.355835342407226562e+01 -1.368196487426757812e+00 2.824042892456054688e+01
7.945754680000000292e+00 -4.201003112792968750e+02 -3.278153686523437500e+02 -1.546120452880859375e+02 1.328656768798828125e+01 -9.308700561523437500e-01 2.947618484497070312e+01
7.971917549999999686e+00 -4.199282836914062500e+02 -3.279250793457031250e+02 -1.537956542968750000e+02 1.340037155151367188e+01 -3.951587677001953125e-01 3.007930183410644531e+01
7.998077959999999820e+00 -4.196858825683593750e+02 -3.278783569335937500e+02 -1.527957763671875000e+02 1.394997787475585938e+01 1.347923278808593750e-01 3.061909866333007812e+01
8.024235739999999950e+00 -4.195554809570312500e+02 -3.279408569335937500e+02 -1.519419860839843750e+02 1.407817077636718750e+01 9.638328552246093750e-01 3.072441291809082031e+01
8.050391709999999534e+00 -4.192952880859375000e+02 -3.278608398437500000e+02 -1.511562347412109375e+02 1.403777694702148438e+01 1.845754623413085938e+00 3.029267311096191406e+01
8.076543739999999971e+00 -4.189837341308593750e+02 -3.278109741210937500e+02 -1.504588928222656250e+02 1.397136688232421875e+01 2.924198150634765625e+00 2.972204017639160156e+01
8.102692649999999830e+00 -4.188395690917968750e+02 -3.276771545410156250e+02 -1.496367492675781250e+02 1.389842987060546875e+01 3.589952468872070312e+00 2.955250358581542969e+01
8.128838280000000083e+00 -4.185696716308593750e+02 -3.277231140136718750e+02 -1.490131225585937500e+02 1.317643737792968750e+01 4.128311157226562500e+00 2.966383743286132812e+01
8.154981449999999299e+00 -4.184232788085937500e+02 -3.276652221679687500e+02 -1.482194976806640625e+02 1.271215820312500000e+01 4.925802230834960938e+00 2.968045997619628906e+01
8.181120039999999705e+00 -4.181054382324218750e+02 -3.274575195312500000e+02 -1.472546234130859375e+02 1.280302047729492188e+01 6.136621475219726562e+00 3.018238639831542969e+01
8.207255840000000191e+00 -4.177005310058593750e+02 -3.271342468261718750e+02 -1.464288940429687500e+02 1.346112442016601562e+01 7.307525634765625000e+00 3.042076301574707031e+01
8.233386749999999310e+00 -4.172632751464843750e+02 -3.268507080078125000e+02 -1.453856506347656250e+02 1.461135482788085938e+01 8.534082412719726562e+00 3.052861404418945312e+01
8.259513580000000132e+00 -4.167631225585937500e+02 -3.265010681152343750e+02 -1.446738586425781250e+02 1.583651733398437500e+01 9.626062393188476562e+00 3.072526168823242188e+01
8.285636179999999129e+00 -4.162757873535156250e+02 -3.262065734863281250e+02 -1.438606109619140625e+02 1.684962463378906250e+01 1.070232200622558594e+01 3.084068870544433594e+01
8.311754390000000825e+00 -4.157910766601562500e+02 -3.259675598144531250e+02 -1.429400787353515625e+02 1.756161880493164062e+01 1.158281517028808594e+01 3.070539093017578125e+01
8.337869039999999288e+00 -4.152837829589843750e+02 -3.257183532714843750e+02 -1.421303558349609375e+02 1.799481201171875000e+01 1.206366539001464844e+01 3.080935859680175781e+01
8.363978010000000296e+00 -4.148760681152343750e+02 -3.254078979492187500e+02 -1.413914337158203125e+02 1.787807083129882812e+01 1.233947563171386719e+01 3.064627456665039062e+01
8.390083110000000843e+00 -4.145228271484375000e+02 -3.251074218750000000e+02 -1.405654296875000000e+02 1.747554397583007812e+01 1.234375381469726562e+01 3.056060981750488281e+01
8.416182239999999481e+00 -4.142192993164062500e+02 -3.247144775390625000e+02 -1.395902252197265625e+02 1.724770736694335938e+01 1.269581604003906250e+01 3.075796127319335938e+01
8.442277199999999482e+00 -4.137655334472656250e+02 -3.243979797363281250e+02 -1.388192596435546875e+02 1.790277481079101562e+01 1.326029014587402344e+01 3.099618911743164062e+01
8.468365880000000345e+00 -4.132532348632812500e+02 -3.241070556640625000e+02 -1.380583801269531250e+02 1.894232559204101562e+01 1.354180526733398438e+01 3.182294845581054688e+01
8.494449109999999692e+00 -4.127799987792968750e+02 -3.236611633300781250e+02 -1.372250671386718750e+02 1.969750976562500000e+01 1.423677253723144531e+01 3.262577056884765625e+01
8.520526750000000149e+00 -4.123877563476562500e+02 -3.232818603515625000e+02 -1.361739654541015625e+02 1.974460220336914062e+01 1.486505126953125000e+01 3.329766082763671875e+01
8.546599620000000286e+00 -4.117552795410156250e+02 -3.228294677734375000e+02 -1.352043914794921875e+02 1.969255447387695312e+01 1.471928405761718750e+01 3.401162719726562500e+01
8.572665629999999481e+00 -4.112711791992187500e+02 -3.223036804199218750e+02 -1.341558380126953125e+02 1.998633575439453125e+01 1.488945388793945312e+01 3.455209350585937500e+01
8.598725610000000685e+00 -4.107799682617187500e+02 -3.219019470214843750e+02 -1.334134368896484375e+02 2.040997695922851562e+01 1.544786834716796875e+01 3.473454666137695312e+01
8.624779410000000368e+00 -4.100883178710937500e+02 -3.214057617187500000e+02 -1.323420104980468750e+02 2.065073776245117188e+01 1.571406364440917969e+01 3.482594299316406250e+01
8.650827870000000530e+00 -4.098758544921875000e+02 -3.211445007324218750e+02 -1.315677490234375000e+02 2.056795120239257812e+01 1.618870925903320312e+01 3.482022094726562500e+01
8.676868900000000551e+00 -4.092167053222656250e+02 -3.206630859375000000e+02 -1.304995422363281250e+02 2.102425003051757812e+01 1.683235549926757812e+01 3.507016754150390625e+01
8.702904289999999321e+00 -4.087814331054687500e+02 -3.202126464843750000e+02 -1.297616119384765625e+02 2.145984268188476562e+01 1.766265869140625000e+01 3.544021606445312500e+01
8.728931969999999652e+00 -4.083078002929687500e+02 -3.197669982910156250e+02 -1.289079437255859375e+02 2.175809860229492188e+01 1.854191207885742188e+01 3.586007690429687500e+01
8.754952779999999990e+00 -4.077798461914062500e+02 -3.192893066406250000e+02 -1.280329437255859375e+02 2.203043365478515625e+01 1.951339721679687500e+01 3.648132324218750000e+01
8.780966559999999532e+00 -4.071865234375000000e+02 -3.187951354980468750e+02 -1.270887908935546875e+02 2.255780410766601562e+01 2.087574005126953125e+01 3.695816421508789062e+01
8.806974159999999330e+00 -4.066178283691406250e+02 -3.181995544433593750e+02 -1.262450485229492188e+02 2.327222824096679688e+01 2.188638496398925781e+01 3.733565521240234375e+01
8.832972520000000216e+00 -4.059568176269531250e+02 -3.176402893066406250e+02 -1.253693313598632812e+02 2.416401672363281250e+01 2.264320373535156250e+01 3.760549163818359375e+01
8.858966369999999202e+00 -4.052722167968750000e+02 -3.169788208007812500e+02 -1.244134140014648438e+02 2.528710556030273438e+01 2.317837905883789062e+01 3.795185470581054688e+01
8.884950720000000857e+00 -4.042537231445312500e+02 -3.163964538574218750e+02 -1.236335678100585938e+02 2.658863449096679688e+01 2.347597503662109375e+01 3.833231353759765625e+01
8.910927369999999570e+00 -4.034351501464843750e+02 -3.159311828613281250e+02 -1.227468490600585938e+02 2.745183563232421875e+01 2.391272163391113281e+01 3.897167587280273438e+01
8.936896190000000573e+00 -4.027320861816406250e+02 -3.154389038085937500e+02 -1.217794570922851562e+02 2.878414535522460938e+01 2.387123870849609375e+01 3.982759857177734375e+01
8.962858029999999587e+00 -4.018435974121093750e+02 -3.148331604003906250e+02 -1.206877517700195312e+02 2.980181884765625000e+01 2.426907539367675781e+01 4.080383682250976562e+01
8.988810799999999546e+00 -4.010223693847656250e+02 -3.142861022949218750e+02 -1.196922988891601562e+02 3.058284378051757812e+01 2.500120735168457031e+01 4.172118377685546875e+01
9.014755349999999723e+00 -4.004149475097656250e+02 -3.135762023925781250e+02 -1.184691009521484375e+02 3.042456054687500000e+01 2.607684707641601562e+01 4.270777130126953125e+01
9.040692529999999394e+00 -3.997245178222656250e+02 -3.128054809570312500e+02 -1.171034011840820312e+02 3.087274551391601562e+01 2.662711715698242188e+01 4.422609710693359375e+01
9.066620249999999714e+00 -3.990104064941406250e+02 -3.120986022949218750e+02 -1.158280563354492188e+02 3.202225875854492188e+01 2.811123466491699219e+01 4.525603866577148438e+01
9.092539379999999838e+00 -3.984032287597656250e+02 -3.113905944824218750e+02 -1.145456237792968750e+02 3.414184570312500000e+01 3.010486602783203125e+01 4.638599777221679688e+01
9.118450740000000110e+00 -3.974396057128906250e+02 -3.105887756347656250e+02 -1.131633071899414062e+02 3.543136978149414062e+01 3.144588661193847656e+01 4.786398696899414062e+01
9.144352279999999666e+00 -3.966042785644531250e+02 -3.097526855468750000e+02 -1.118282241821289062e+02 3.593907165527343750e+01 3.204924774169921875e+01 4.857731628417968750e+01
9.170244840000000508e+00 -3.956733093261718750e+02 -3.089808959960937500e+02 -1.105188293457031250e+02 3.526424026489257812e+01 3.190643882751464844e+01 4.838787841796875000e+01
9.196129259999999306e+00 -3.948769836425781250e+02 -3.081144409179687500e+02 -1.093233108520507812e+02 3.616712570190429688e+01 3.264109039306640625e+01 4.897814559936523438e+01
9.222003490000000525e+00 -3.941665954589843750e+02 -3.073180236816406250e+02 -1.081267395019531250e+02 3.651195144653320312e+01 3.331917953491210938e+01 4.979798507690429688e+01
9.247867409999999566e+00 -3.932612609863281250e+02 -3.063491821289062500e+02 -1.069236679077148438e+02 3.732270812988281250e+01 3.408130645751953125e+01 5.034786605834960938e+01
9.273723790000000022e+00 -3.924916992187500000e+02 -3.054060363769531250e+02 -1.054981613159179688e+02 3.873117446899414062e+01 3.461057281494140625e+01 5.076613616943359375e+01
9.299569619999999759e+00 -3.913763122558593750e+02 -3.044111938476562500e+02 -1.043148651123046875e+02 3.968826675415039062e+01 3.563359832763671875e+01 5.120329284667968750e+01
9.325406720000000149e+00 -3.904076538085937500e+02 -3.033976745605468750e+02 -1.029805984497070312e+02 4.036215209960937500e+01 3.696751403808593750e+01 5.159273529052734375e+01
9.351233020000000451e+00 -3.895198974609375000e+02 -3.023933105468750000e+02 -1.015334396362304688e+02 4.004846572875976562e+01 3.844001007080078125e+01 5.228118133544921875e+01
9.377049380000000767e+00 -3.885684509277343750e+02 -3.012417907714843750e+02 -1.003301467895507812e+02 4.014944458007812500e+01 3.952427673339843750e+01 5.298849105834960938e+01
9.402856639999999544e+00 -3.876368408203125000e+02 -3.002556457519531250e+02 -9.884056091308593750e+01 4.042802810668945312e+01 4.074392700195312500e+01 5.411941528320312500e+01
9.428653739999999672e+00 -3.863325805664062500e+02 -2.990826110839843750e+02 -9.726483154296875000e+01 4.141721725463867188e+01 4.262866973876953125e+01 5.520701980590820312e+01
9.454439580000000731e+00 -3.849399719238281250e+02 -2.979070434570312500e+02 -9.568112945556640625e+01 4.249298858642578125e+01 4.380289459228515625e+01 5.614469909667968750e+01
9.480215019999999271e+00 -3.836783447265625000e+02 -2.966726379394531250e+02 -9.407257080078125000e+01 4.362696838378906250e+01 4.474140930175781250e+01 5.673387527465820312e+01
9.505979950000000400e+00 -3.822153015136718750e+02 -2.954975891113281250e+02 -9.272140502929687500e+01 4.507699584960937500e+01 4.481428909301757812e+01 5.752096557617187500e+01
9.531734260000000347e+00 -3.809345703125000000e+02 -2.943428344726562500e+02 -9.123886871337890625e+01 4.597095870971679688e+01 4.562477111816406250e+01 5.823849868774414062e+01
9.557478789999999336e+00 -3.797919616699218750e+02 -2.932311706542968750e+02 -8.947660064697265625e+01 4.681265258789062500e+01 4.658103942871093750e+01 5.947880172729492188e+01
9.583211520000000760e+00 -3.788454284667968750e+02 -2.940789184570312500e+02 -8.749539947509765625e+01 4.711731338500976562e+01 4.739378356933593750e+01 6.042667388916015625e+01
9.608933289999999516e+00 -3.770534973144531250e+02 -2.905973205566406250e+02 -8.605733489990234375e+01 4.794146728515625000e+01 4.845574188232421875e+01 6.159881210327148438e+01
9.634643990000000713e+00 -3.760266418457031250e+02 -2.893645935058593750e+02 -8.456074523925781250e+01 4.816133117675781250e+01 4.932009887695312500e+01 6.298529434204101562e+01
9.660343530000000456e+00 -3.748830871582031250e+02 -2.880207519531250000e+02 -8.289659881591796875e+01 4.824014663696289062e+01 5.037297821044921875e+01 6.474511718750000000e+01
9.686032759999999797e+00 -3.735817871093750000e+02 -2.865880126953125000e+02 -8.097779846191406250e+01 4.774131011962890625e+01 5.152252578735351562e+01 6.674539184570312500e+01
9.711709629999999649e+00 -3.723288574218750000e+02 -2.852785644531250000e+02 -7.913037109375000000e+01 4.677774047851562500e+01 5.246123504638671875e+01 6.849916076660156250e+01
9.737375990000000314e+00 -3.714183349609375000e+02 -2.837591247558593750e+02 -7.713594055175781250e+01 4.445526123046875000e+01 5.284655380249023438e+01 6.928441619873046875e+01
9.763030750000000424e+00 -3.705639038085937500e+02 -2.822016296386718750e+02 -7.509175872802734375e+01 4.041757202148437500e+01 5.104429626464843750e+01 6.762312316894531250e+01
9.788671900000000647e+00 -3.696849670410156250e+02 -2.805595703125000000e+02 -7.290499877929687500e+01 3.439131164550781250e+01 4.610824966430664062e+01 6.144287490844726562e+01
9.814303170000000520e+00 -3.692161865234375000e+02 -2.789715881347656250e+02 -7.015739440917968750e+01 2.946084594726562500e+01 4.201708602905273438e+01 5.420783233642578125e+01
9.839921580000000390e+00 -3.683179016113281250e+02 -2.774497375488281250e+02 -6.800733947753906250e+01 2.969502830505371094e+01 4.427976989746093750e+01 5.591317367553710938e+01
9.865527999999999409e+00 -3.671853027343750000e+02 -2.757907104492187500e+02 -6.574845886230468750e+01 3.052770042419433594e+01 4.868300247192382812e+01 6.420671844482421875e+01
9.891123269999999579e+00 -3.667271728515625000e+02 -2.743029479980468750e+02 -6.340345382690429688e+01 3.083480644226074219e+01 5.069156646728515625e+01 6.990660858154296875e+01
9.916706350000000114e+00 -3.659947204589843750e+02 -2.730167541503906250e+02 -6.149221038818359375e+01 3.135375785827636719e+01 5.148307800292968750e+01 7.071054077148437500e+01
9.942275220000000857e+00 -3.653789062500000000e+02 -2.717109375000000000e+02 -5.958984375000000000e+01 3.167270278930664062e+01 5.169560241699218750e+01 6.954317474365234375e+01
9.967832659999999123e+00 -3.647454528808593750e+02 -2.703853759765625000e+02 -5.766122817993164062e+01 3.185258293151855469e+01 5.157910919189453125e+01 6.735737609863281250e+01
9.993379519999999516e+00 -3.639529724121093750e+02 -2.689045715332031250e+02 -5.579450988769531250e+01 3.205482482910156250e+01 5.172460937500000000e+01 6.546601104736328125e+01
1.001891093000000055e+01 -3.630831604003906250e+02 -2.675154113769531250e+02 -5.404321670532226562e+01 3.266278457641601562e+01 5.252205276489257812e+01 6.401478576660156250e+01
1.004443157000000042e+01 -3.622005004882812500e+02 -2.660174865722656250e+02 -5.228403472900390625e+01 3.336120986938476562e+01 5.341765975952148438e+01 6.268367385864257812e+01
1.006993849000000019e+01 -3.610681457519531250e+02 -2.644990539550781250e+02 -5.068277359008789062e+01 3.479922485351562500e+01 5.411431121826171875e+01 6.228937149047851562e+01
1.009543348999999957e+01 -3.595954589843750000e+02 -2.630193481445312500e+02 -4.913365554809570312e+01 3.677396392822265625e+01 5.515720367431640625e+01 6.215040206909179688e+01
1.012091363000000044e+01 -3.582383422851562500e+02 -2.614240722656250000e+02 -4.765490722656250000e+01 3.874873352050781250e+01 5.633879852294921875e+01 6.199534988403320312e+01
1.014638262999999974e+01 -3.568545227050781250e+02 -2.599271240234375000e+02 -4.613974380493164062e+01 4.037500000000000000e+01 5.757185745239257812e+01 6.136278915405273438e+01
1.017183754000000029e+01 -3.553483276367187500e+02 -2.583379821777343750e+02 -4.442078018188476562e+01 4.176040649414062500e+01 5.870169830322265625e+01 6.068612670898437500e+01
1.019727920999999959e+01 -3.540122985839843750e+02 -2.567340087890625000e+02 -4.286778640747070312e+01 4.347153091430664062e+01 6.022212219238281250e+01 6.064573287963867188e+01
1.022270853000000024e+01 -3.527634887695312500e+02 -2.551330718994140625e+02 -4.112206268310546875e+01 4.456507110595703125e+01 6.222166824340820312e+01 6.110027313232421875e+01
1.024812348000000028e+01 -3.512541503906250000e+02 -2.532709655761718750e+02 -3.941680145263671875e+01 4.570877075195312500e+01 6.400141906738281250e+01 6.170113754272460938e+01
1.027352589000000016e+01 -3.497415161132812500e+02 -2.515193328857421875e+02 -3.785464477539062500e+01 4.652204895019531250e+01 6.604170227050781250e+01 6.271017074584960938e+01
1.029891281999999997e+01 -3.483161926269531250e+02 -2.497583465576171875e+02 -3.622536849975585938e+01 4.729773712158203125e+01 6.740209960937500000e+01 6.308412551879882812e+01
1.032428894000000064e+01 -3.469183349609375000e+02 -2.479758605957031250e+02 -3.460718917846679688e+01 4.794062042236328125e+01 6.886354827880859375e+01 6.312677001953125000e+01
1.034964845000000011e+01 -3.456510009765625000e+02 -2.460748291015625000e+02 -3.303050231933593750e+01 4.858258056640625000e+01 7.041380310058593750e+01 6.300572204589843750e+01
1.037499509000000053e+01 -3.445152587890625000e+02 -2.443096313476562500e+02 -3.139241790771484375e+01 4.886354064941406250e+01 7.183261108398437500e+01 6.329911041259765625e+01
1.040032874999999990e+01 -3.433961791992187500e+02 -2.410203399658203125e+02 -2.986900329589843750e+01 4.904264450073242188e+01 7.336111450195312500e+01 6.327303695678710938e+01
1.042564746000000042e+01 -3.420502929687500000e+02 -2.403489532470703125e+02 -2.811964988708496094e+01 4.944908142089843750e+01 7.508238220214843750e+01 6.404438781738281250e+01
1.045095303000000087e+01 -3.405738220214843750e+02 -2.383961791992187500e+02 -2.663777542114257812e+01 5.005521011352539062e+01 7.701407623291015625e+01 6.470426940917968750e+01
1.047624255000000026e+01 -3.392415466308593750e+02 -2.362743377685546875e+02 -2.526592445373535156e+01 5.067941284179687500e+01 7.910842895507812500e+01 6.515512847900390625e+01
1.050151877000000056e+01 -3.376986083984375000e+02 -2.341602630615234375e+02 -2.364295005798339844e+01 5.115955734252929688e+01 8.145153808593750000e+01 6.570535278320312500e+01
1.052678161999999951e+01 -3.363555908203125000e+02 -2.320910034179687500e+02 -2.229587936401367188e+01 5.176344299316406250e+01 8.397045898437500000e+01 6.633357238769531250e+01
1.055203005999999988e+01 -3.350967407226562500e+02 -2.298144073486328125e+02 -2.077689743041992188e+01 5.217016220092773438e+01 8.638488769531250000e+01 6.656491851806640625e+01
1.057726307000000077e+01 -3.337066040039062500e+02 -2.275883789062500000e+02 -1.953543090820312500e+01 5.266661834716796875e+01 8.883472442626953125e+01 6.671423339843750000e+01
1.060248153000000038e+01 -3.328646240234375000e+02 -2.252340545654296875e+02 -1.763959312438964844e+01 5.256975936889648438e+01 9.132392883300781250e+01 6.619428253173828125e+01
1.062768628999999976e+01 -3.308580017089843750e+02 -2.228559875488281250e+02 -1.679535675048828125e+01 5.353316497802734375e+01 9.386423492431640625e+01 6.661199188232421875e+01
1.065287541000000004e+01 -3.292876281738281250e+02 -2.203734588623046875e+02 -1.528336524963378906e+01 5.440196228027343750e+01 9.654198455810546875e+01 6.637143707275390625e+01
1.067804972999999968e+01 -3.277766418457031250e+02 -2.178978271484375000e+02 -1.380871677398681641e+01 5.565554046630859375e+01 9.920851135253906250e+01 6.567765045166015625e+01
1.070321013999999948e+01 -3.264564819335937500e+02 -2.152983551025390625e+02 -1.236544513702392578e+01 5.720375061035156250e+01 1.021939010620117188e+02 6.483107757568359375e+01
1.072835466999999987e+01 -3.249723205566406250e+02 -2.125056762695312500e+02 -1.052911090850830078e+01 5.868415451049804688e+01 1.049935836791992188e+02 6.399461746215820312e+01
1.075348420000000083e+01 -3.227850341796875000e+02 -2.097564544677734375e+02 -9.398711204528808594e+00 6.072838592529296875e+01 1.083891296386718750e+02 6.369318389892578125e+01
1.077859864999999928e+01 -3.212135009765625000e+02 -2.067313079833984375e+02 -7.567775249481201172e+00 6.225437164306640625e+01 1.117552185058593750e+02 6.248558044433593750e+01
1.080369888999999972e+01 -3.193881225585937500e+02 -2.038809204101562500e+02 -6.232085704803466797e+00 6.448934936523437500e+01 1.154570770263671875e+02 6.160939025878906250e+01
1.082878297000000067e+01 -3.178048095703125000e+02 -2.008288269042968750e+02 -4.620372295379638672e+00 6.626506805419921875e+01 1.191536788940429688e+02 6.033416748046875000e+01
1.085385175999999952e+01 -3.157523193359375000e+02 -1.975864410400390625e+02 -3.052696943283081055e+00 6.799633789062500000e+01 1.230241622924804688e+02 5.929521560668945312e+01
1.087890613000000073e+01 -3.137524414062500000e+02 -1.943802795410156250e+02 -1.611514806747436523e+00 6.935292053222656250e+01 1.267710266113281250e+02 5.802622604370117188e+01
1.090394507000000068e+01 -3.124197998046875000e+02 -1.909320068359375000e+02 -1.329742372035980225e-01 7.055770111083984375e+01 1.305057220458984375e+02 5.548979949951171875e+01
1.092896758000000013e+01 -3.104703674316406250e+02 -1.873988647460937500e+02 1.129329204559326172e+00 7.208923339843750000e+01 1.337960052490234375e+02 5.223651123046875000e+01
1.095397451999999916e+01 -3.086380615234375000e+02 -1.837232666015625000e+02 2.371155977249145508e+00 7.399118041992187500e+01 1.369463653564453125e+02 4.825138473510742188e+01
1.097896584000000075e+01 -3.068725891113281250e+02 -1.798534851074218750e+02 3.605095386505126953e+00 7.578746032714843750e+01 1.403606872558593750e+02 4.383539581298828125e+01
1.100394239000000063e+01 -3.045426940917968750e+02 -1.760820922851562500e+02 4.614089965820312500e+00 7.769623565673828125e+01 1.429665832519531250e+02 3.946201324462890625e+01
1.102890224999999980e+01 -3.025018920898437500e+02 -1.720132598876953125e+02 5.703722000122070312e+00 7.927233886718750000e+01 1.447142944335937500e+02 3.347455978393554688e+01
1.105384628999999919e+01 -3.005982055664062500e+02 -1.677927246093750000e+02 6.573323249816894531e+00 8.075737762451171875e+01 1.457925872802734375e+02 2.687016105651855469e+01
1.107877444000000011e+01 -2.986142272949218750e+02 -1.638754577636718750e+02 6.785081863403320312e+00 8.226794433593750000e+01 1.464468994140625000e+02 2.017559432983398438e+01
1.110368850000000052e+01 -2.965752258300781250e+02 -1.597680664062500000e+02 7.203423500061035156e+00 8.306212615966796875e+01 1.470647735595703125e+02 1.282668590545654297e+01
1.112858282000000010e+01 -2.945519409179687500e+02 -1.554631500244140625e+02 7.610445022583007812e+00 8.478450775146484375e+01 1.476367187500000000e+02 5.466831207275390625e+00
1.115346480000000007e+01 -2.921570129394531250e+02 -1.511985168457031250e+02 7.838201522827148438e+00 8.652445220947265625e+01 1.467146606445312500e+02 -5.466673374176025391e-01
1.117832877000000025e+01 -2.900159301757812500e+02 -1.469615936279296875e+02 7.808022022247314453e+00 8.835455322265625000e+01 1.455396118164062500e+02 -6.609704017639160156e+00
1.120317655000000023e+01 -2.875338745117187500e+02 -1.429081420898437500e+02 7.492485523223876953e+00 9.074980926513671875e+01 1.443497619628906250e+02 -1.127427768707275391e+01
1.122800900000000013e+01 -2.851570434570312500e+02 -1.390069122314453125e+02 7.104249477386474609e+00 9.296649169921875000e+01 1.426175842285156250e+02 -1.467426490783691406e+01
1.125282327999999943e+01 -2.827949829101562500e+02 -1.350571441650390625e+02 6.688445091247558594e+00 9.606141662597656250e+01 1.403982391357421875e+02 -1.680626106262207031e+01
1.127762305000000076e+01 -2.804544677734375000e+02 -1.314302368164062500e+02 6.023287773132324219e+00 9.750410461425781250e+01 1.375137634277343750e+02 -1.921692466735839844e+01
1.130240638000000075e+01 -2.777437133789062500e+02 -1.279125900268554688e+02 5.309825897216796875e+00 9.800402832031250000e+01 1.350003356933593750e+02 -2.041108703613281250e+01
1.132717137999999935e+01 -2.755702209472656250e+02 -1.243151321411132812e+02 4.796452045440673828e+00 9.822293090820312500e+01 1.317921600341796875e+02 -2.212010002136230469e+01
1.135192261000000080e+01 -2.728292541503906250e+02 -1.209456634521484375e+02 4.031959056854248047e+00 9.898381042480468750e+01 1.288661651611328125e+02 -2.320783424377441406e+01
1.137665445999999925e+01 -2.701086730957031250e+02 -1.175493545532226562e+02 3.487858057022094727e+00 9.958250427246093750e+01 1.265914764404296875e+02 -2.341894340515136719e+01
1.140137151000000060e+01 -2.674350891113281250e+02 -1.141130065917968750e+02 3.435235738754272461e+00 9.896701812744140625e+01 1.236590881347656250e+02 -2.431319427490234375e+01
1.142607092000000080e+01 -2.646044006347656250e+02 -1.112166595458984375e+02 2.057125806808471680e+00 1.002626419067382812e+02 1.213257293701171875e+02 -2.517640113830566406e+01
1.145075356999999983e+01 -2.621442565917968750e+02 -1.083415985107421875e+02 1.512726426124572754e+00 1.011599578857421875e+02 1.184901657104492188e+02 -2.602718353271484375e+01
1.147542033000000039e+01 -2.595604858398437500e+02 -1.054085922241210938e+02 7.346238493919372559e-01 1.018258819580078125e+02 1.157883453369140625e+02 -2.651528739929199219e+01
1.150006838000000009e+01 -2.573761901855468750e+02 -1.024438934326171875e+02 3.713176548480987549e-01 1.020014953613281250e+02 1.130182952880859375e+02 -2.753238677978515625e+01
1.152470042999999933e+01 -2.548563995361328125e+02 -9.966662597656250000e+01 -2.790107429027557373e-01 1.026314773559570312e+02 1.097937011718750000e+02 -2.808073043823242188e+01
1.154931642999999930e+01 -2.522654418945312500e+02 -9.707124328613281250e+01 -1.004988551139831543e+00 1.029761962890625000e+02 1.069751052856445312e+02 -2.848459625244140625e+01
1.157391357000000021e+01 -2.497230377197265625e+02 -9.452548217773437500e+01 -1.733678460121154785e+00 1.035666732788085938e+02 1.042123184204101562e+02 -2.871852302551269531e+01
1.159849731999999989e+01 -2.470223999023437500e+02 -9.195616912841796875e+01 -2.411636590957641602e+00 1.041183471679687500e+02 1.019307937622070312e+02 -2.896857070922851562e+01
1.162306026000000081e+01 -2.445977783203125000e+02 -8.944357299804687500e+01 -2.991714715957641602e+00 1.046889724731445312e+02 9.993452453613281250e+01 -2.931127166748046875e+01
1.164760695999999918e+01 -2.418808288574218750e+02 -8.689417266845703125e+01 -3.419710636138916016e+00 1.053606109619140625e+02 9.841056060791015625e+01 -2.936263847351074219e+01
1.167213734999999986e+01 -2.393334350585937500e+02 -8.450263214111328125e+01 -4.265774250030517578e+00 1.064992065429687500e+02 9.689442443847656250e+01 -2.969478225708007812e+01
1.169664956999999994e+01 -2.364788665771484375e+02 -8.197377777099609375e+01 -4.287134170532226562e+00 1.066598510742187500e+02 9.509797668457031250e+01 -2.912600517272949219e+01
1.172114447000000048e+01 -2.336997375488281250e+02 -7.967097473144531250e+01 -4.996292591094970703e+00 1.092943267822265625e+02 9.242436981201171875e+01 -3.257783126831054688e+01
1.174562200999999995e+01 -2.312667846679687500e+02 -7.746045684814453125e+01 -5.822875499725341797e+00 1.078427810668945312e+02 9.108361053466796875e+01 -2.956821060180664062e+01
1.177008305999999926e+01 -2.289991912841796875e+02 -7.524124145507812500e+01 -5.908041000366210938e+00 1.093385467529296875e+02 8.925305175781250000e+01 -3.060398101806640625e+01
1.179452573999999920e+01 -2.264030761718750000e+02 -7.323030853271484375e+01 -7.064714431762695312e+00 1.091979293823242188e+02 8.860682678222656250e+01 -3.016835784912109375e+01
1.181895276000000017e+01 -2.240404205322265625e+02 -7.115035247802734375e+01 -7.770502090454101562e+00 1.085296936035156250e+02 8.694526672363281250e+01 -2.981951332092285156e+01
1.184335950000000004e+01 -2.216403503417968750e+02 -6.918477630615234375e+01 -8.465217590332031250e+00 1.089336547851562500e+02 8.613497924804687500e+01 -2.958974266052246094e+01
1.186774957000000086e+01 -2.191550140380859375e+02 -6.725244140625000000e+01 -9.182872772216796875e+00 1.138633651733398438e+02 8.529190063476562500e+01 -2.857153129577636719e+01
1.189212292999999931e+01 -2.164678802490234375e+02 -6.516915893554687500e+01 -9.472817420959472656e+00 1.098772888183593750e+02 8.421945190429687500e+01 -2.893198394775390625e+01
1.191647769999999973e+01 -2.137763824462890625e+02 -6.346101379394531250e+01 -1.035902690887451172e+01 1.111210021972656250e+02 8.385931396484375000e+01 -2.814588546752929688e+01
1.194081386000000045e+01 -2.108954010009765625e+02 -6.143090438842773438e+01 -1.087824630737304688e+01 1.224279785156250000e+02 8.437232208251953125e+01 -2.742291259765625000e+01
1.196513408999999939e+01 -2.078103027343750000e+02 -5.910459518432617188e+01 -1.084305286407470703e+01 1.130992889404296875e+02 8.450657653808593750e+01 -2.842950057983398438e+01
1.198943651999999993e+01 -2.049809265136718750e+02 -5.712030792236328125e+01 -1.148184871673583984e+01 1.147813720703125000e+02 8.144551849365234375e+01 -2.704508590698242188e+01
1.201372111999999959e+01 -2.020297088623046875e+02 -5.519048690795898438e+01 -1.188166809082031250e+01 1.180417938232421875e+02 8.152021026611328125e+01 -2.568323898315429688e+01
1.203798693999999969e+01 -1.991424407958984375e+02 -5.319808959960937500e+01 -1.224142932891845703e+01 1.184070281982421875e+02 7.925908660888671875e+01 -2.607843780517578125e+01
1.206223484999999940e+01 -1.959252471923828125e+02 -5.106672668457031250e+01 -1.264390850067138672e+01 1.255956115722656250e+02 7.922770690917968750e+01 -2.566666984558105469e+01
1.208646571999999964e+01 -1.927229461669921875e+02 -4.902437210083007812e+01 -1.349815940856933594e+01 1.239525375366210938e+02 7.811952209472656250e+01 -2.461756706237792969e+01
1.211067770000000010e+01 -1.897924652099609375e+02 -4.722424697875976562e+01 -1.455670261383056641e+01 1.249992523193359375e+02 7.757349395751953125e+01 -2.634313011169433594e+01
1.213487074000000021e+01 -1.867320404052734375e+02 -4.552167129516601562e+01 -1.545901012420654297e+01 1.263347702026367188e+02 7.650010681152343750e+01 -2.965722274780273438e+01
1.215904753999999954e+01 -1.837012176513671875e+02 -4.394506072998046875e+01 -1.649681472778320312e+01 1.324076538085937500e+02 7.540736389160156250e+01 -2.653100395202636719e+01
1.218320532999999983e+01 -1.806584167480468750e+02 -4.206243896484375000e+01 -1.673564338684082031e+01 1.281508331298828125e+02 7.399643707275390625e+01 -2.628698539733886719e+01
1.220734588999999914e+01 -1.777713775634765625e+02 -4.032663345336914062e+01 -1.744364547729492188e+01 1.338722534179687500e+02 7.485459899902343750e+01 -2.286674880981445312e+01
1.223146737999999978e+01 -1.744876861572265625e+02 -3.885753250122070312e+01 -1.805600547790527344e+01 1.283217163085937500e+02 6.921334075927734375e+01 -2.361952400207519531e+01
1.225557067000000089e+01 -1.715280151367187500e+02 -3.717247390747070312e+01 -1.837574577331542969e+01 1.295673370361328125e+02 6.848734283447265625e+01 -2.184119987487792969e+01
1.227965662000000080e+01 -1.690768585205078125e+02 -3.590291595458984375e+01 -1.910417366027832031e+01 1.327658996582031250e+02 6.707126617431640625e+01 -1.983216476440429688e+01
1.230372340000000086e+01 -1.661512603759765625e+02 -3.469200515747070312e+01 -1.997589111328125000e+01 1.359380950927734375e+02 6.579073333740234375e+01 -1.880333137512207031e+01
1.232777186999999941e+01 -1.631366271972656250e+02 -3.337078094482421875e+01 -2.037091827392578125e+01 1.362961578369140625e+02 6.198794555664062500e+01 -1.812021636962890625e+01
1.235180199999999928e+01 -1.602304840087890625e+02 -3.192456245422363281e+01 -2.090853881835937500e+01 1.436959533691406250e+02 6.172387313842773438e+01 -1.434724235534667969e+01
1.237581375999999977e+01 -1.565203094482421875e+02 -3.054382705688476562e+01 -2.121433448791503906e+01 1.465028076171875000e+02 6.050494766235351562e+01 -1.830763244628906250e+01
1.239980802000000004e+01 -1.531506347656250000e+02 -2.887440299987792969e+01 -2.125870895385742188e+01 1.449247131347656250e+02 6.051640319824218750e+01 -1.063931846618652344e+01
1.242378384999999952e+01 -1.495976867675781250e+02 -2.749727630615234375e+01 -2.147359085083007812e+01 1.482391662597656250e+02 6.104675292968750000e+01 -8.923152923583984375e+00
1.244774031000000036e+01 -1.459673004150390625e+02 -2.612226295471191406e+01 -2.159658622741699219e+01 1.510385589599609375e+02 6.076677703857421875e+01 -5.340427398681640625e+00
1.247167738999999997e+01 -1.427011260986328125e+02 -2.457119560241699219e+01 -2.169849777221679688e+01 1.544814605712890625e+02 6.306912231445312500e+01 -2.561914920806884766e-01
1.249559773000000007e+01 -1.387942504882812500e+02 -2.321449279785156250e+01 -2.090089988708496094e+01 1.591494293212890625e+02 6.533738708496093750e+01 -3.457906246185302734e+00
1.251949950999999928e+01 -1.347727813720703125e+02 -2.186722564697265625e+01 -2.075133132934570312e+01 1.612349853515625000e+02 7.181480407714843750e+01 -1.075837969779968262e+00
1.254338182000000046e+01 -1.307149810791015625e+02 -2.065844154357910156e+01 -2.070143508911132812e+01 1.683724822998046875e+02 8.002220916748046875e+01 -1.550871253013610840e+00
1.256724640999999920e+01 -1.266278991699218750e+02 -1.950274848937988281e+01 -2.019184112548828125e+01 1.800914916992187500e+02 8.888561248779296875e+01 -5.863299369812011719e+00
1.259109057999999948e+01 -1.227919311523437500e+02 -1.808407211303710938e+01 -1.947902679443359375e+01 1.823920898437500000e+02 9.742753601074218750e+01 -3.631378650665283203e+00
1.261491876000000012e+01 -1.184305038452148438e+02 -1.664596176147460938e+01 -1.820179367065429688e+01 1.935392913818359375e+02 1.006006469726562500e+02 -6.929580688476562500e+00
1.263872646000000088e+01 -1.140460815429687500e+02 -1.473377799987792969e+01 -1.694889450073242188e+01 1.975875396728515625e+02 1.058171234130859375e+02 -3.569679260253906250e+00
1.266251543999999996e+01 -1.097831497192382812e+02 -1.246796607971191406e+01 -1.548196125030517578e+01 1.985365600585937500e+02 1.075382995605468750e+02 -6.714819908142089844e+00
1.268628477999999937e+01 -1.049401397705078125e+02 -9.586087226867675781e+00 -1.358994388580322266e+01 2.042859497070312500e+02 1.062227325439453125e+02 -4.770130634307861328e+00
1.271003624000000087e+01 -1.000798263549804688e+02 -6.520165443420410156e+00 -1.188715362548828125e+01 2.086458740234375000e+02 1.075597610473632812e+02 -1.269044637680053711e+00
1.273376979999999925e+01 -9.494794464111328125e+01 -3.494526147842407227e+00 -1.068700218200683594e+01 2.146243133544921875e+02 1.096635742187500000e+02 5.536365032196044922e+00
1.275748364000000024e+01 -8.942675781250000000e+01 -1.819391995668411255e-01 -8.864077568054199219e+00 2.216294403076171875e+02 1.132171936035156250e+02 1.567548561096191406e+01
1.278117864000000026e+01 -8.410482025146484375e+01 3.338823556900024414e+00 -7.530578136444091797e+00 2.254098205566406250e+02 1.140250320434570312e+02 1.804991912841796875e+01
1.280485565000000037e+01 -7.801206207275390625e+01 6.988443374633789062e+00 -6.250895977020263672e+00 2.311036682128906250e+02 1.183914642333984375e+02 2.036039924621582031e+01
1.282851465999999974e+01 -7.205165100097656250e+01 1.038714122772216797e+01 -5.866540431976318359e+00 2.375474243164062500e+02 1.162198562622070312e+02 1.734779357910156250e+01
1.285215297000000056e+01 -6.593862915039062500e+01 1.357754039764404297e+01 -6.140301704406738281e+00 2.455911254882812500e+02 1.159431610107421875e+02 1.641895866394042969e+01
1.287577059000000013e+01 -5.973837661743164062e+01 1.654383850097656250e+01 -6.209444046020507812e+00 2.541001434326171875e+02 1.139103317260742188e+02 1.600449180603027344e+01
1.289937276999999938e+01 -5.348731994628906250e+01 1.913780021667480469e+01 -5.962641716003417969e+00 2.625718994140625000e+02 1.098810806274414062e+02 1.507217693328857422e+01
1.292295421000000033e+01 -4.682444381713867188e+01 2.165943527221679688e+01 -5.707603454589843750e+00 2.721017150878906250e+02 1.043264236450195312e+02 1.535039710998535156e+01
1.294651664000000046e+01 -4.025677871704101562e+01 2.390914916992187500e+01 -5.495932102203369141e+00 2.824640197753906250e+02 9.659244537353515625e+01 1.592555332183837891e+01
1.297006005000000073e+01 -3.296469497680664062e+01 2.612937927246093750e+01 -5.556926727294921875e+00 2.934861450195312500e+02 8.644615936279296875e+01 1.771162223815917969e+01
1.299358529000000040e+01 -2.511488533020019531e+01 2.803866386413574219e+01 -5.632899284362792969e+00 3.040962829589843750e+02 7.311788940429687500e+01 2.089665794372558594e+01
1.301709147000000044e+01 -1.702348709106445312e+01 2.938331031799316406e+01 -6.064988136291503906e+00 3.128023071289062500e+02 5.615000534057617188e+01 2.495685005187988281e+01
1.304057768000000017e+01 -9.001343727111816406e+00 3.024213790893554688e+01 -6.416799068450927734e+00 3.190525207519531250e+02 3.531811523437500000e+01 3.047270011901855469e+01
1.306404479000000052e+01 -7.513684630393981934e-01 2.977948379516601562e+01 -7.097084045410156250e+00 3.200876770019531250e+02 1.095406341552734375e+01 3.813571166992187500e+01
1.308749189000000079e+01 7.436828613281250000e+00 2.821970939636230469e+01 -7.257987022399902344e+00 3.134775390625000000e+02 -1.347625923156738281e+01 4.509492492675781250e+01
1.311092249000000010e+01 1.545829963684082031e+01 2.587081909179687500e+01 -6.889430522918701172e+00 3.037048034667968750e+02 -3.541123580932617188e+01 5.293099212646484375e+01
1.313433129999999949e+01 2.296815299987792969e+01 2.355880546569824219e+01 -5.869140625000000000e+00 2.924855957031250000e+02 -5.093339157104492188e+01 5.809227371215820312e+01
1.315772180999999996e+01 3.000863265991210938e+01 2.117903900146484375e+01 -4.568321704864501953e+00 2.753629150390625000e+02 -6.077994537353515625e+01 6.052290344238281250e+01
1.318109487000000080e+01 3.669730377197265625e+01 1.882874679565429688e+01 -2.452988147735595703e+00 2.647050781250000000e+02 -6.601418304443359375e+01 6.836987304687500000e+01
1.320444610000000019e+01 4.326522445678710938e+01 1.668844413757324219e+01 -6.687400341033935547e-01 2.541580657958984375e+02 -6.853358459472656250e+01 6.993367004394531250e+01
1.322777984999999923e+01 4.928269195556640625e+01 1.472911262512207031e+01 1.655802130699157715e+00 2.368221893310546875e+02 -7.085019683837890625e+01 6.441464233398437500e+01
1.325109261000000060e+01 5.482225799560546875e+01 1.295168304443359375e+01 4.048343181610107422e+00 2.283226013183593750e+02 -7.039401245117187500e+01 6.873006439208984375e+01
1.327438873000000008e+01 5.990409469604492188e+01 1.159117412567138672e+01 5.535068988800048828e+00 2.185507507324218750e+02 -7.233879852294921875e+01 6.453260803222656250e+01
1.329766294999999943e+01 6.497969818115234375e+01 1.012778663635253906e+01 7.049363136291503906e+00 2.070479125976562500e+02 -7.175052642822265625e+01 6.168688583374023438e+01
1.332091963000000057e+01 6.979892730712890625e+01 8.417085647583007812e+00 8.038278579711914062e+00 2.023168334960937500e+02 -7.308911895751953125e+01 6.066472244262695312e+01
1.334415700999999999e+01 7.395066833496093750e+01 6.579294681549072266e+00 8.742038726806640625e+00 1.926192016601562500e+02 -7.330634307861328125e+01 5.882279968261718750e+01
1.336737418999999960e+01 7.835125732421875000e+01 4.682225227355957031e+00 9.455662727355957031e+00 1.937082977294921875e+02 -7.422738647460937500e+01 5.476148223876953125e+01
1.339057204999999939e+01 8.248417663574218750e+01 3.273785829544067383e+00 1.078065299987792969e+01 1.813384857177734375e+02 -7.030461883544921875e+01 5.509216690063476562e+01
1.341375142999999959e+01 8.614211273193359375e+01 1.631941556930541992e+00 1.175150394439697266e+01 1.691055603027343750e+02 -6.921775817871093750e+01 4.961836242675781250e+01
1.343691057999999927e+01 9.012472534179687500e+01 2.749800980091094971e-01 1.319904518127441406e+01 1.666645965576171875e+02 -6.698110198974609375e+01 4.779721832275390625e+01
1.346005122000000043e+01 9.373731994628906250e+01 -1.346536755561828613e+00 1.392441368103027344e+01 1.574678039550781250e+02 -6.640247344970703125e+01 4.534631729125976562e+01
1.348317074999999932e+01 9.754508209228515625e+01 -2.881369352340698242e+00 1.474402809143066406e+01 1.493040466308593750e+02 -6.533774566650390625e+01 4.328179931640625000e+01
1.350627262000000073e+01 1.012802963256835938e+02 -4.444205284118652344e+00 1.555855655670166016e+01 1.473249359130859375e+02 -6.521475219726562500e+01 4.291687774658203125e+01
1.352935420999999927e+01 1.048733291625976562e+02 -6.073596477508544922e+00 1.627570152282714844e+01 1.470557250976562500e+02 -6.472615051269531250e+01 4.321518325805664062e+01
1.355241724999999953e+01 1.080924453735351562e+02 -7.431018352508544922e+00 1.731080818176269531e+01 1.402205352783203125e+02 -6.436878204345703125e+01 3.686518859863281250e+01
1.357546085000000069e+01 1.108354873657226562e+02 -8.700238227844238281e+00 1.836459922790527344e+01 1.359224853515625000e+02 -6.039518737792968750e+01 3.347636032104492188e+01
1.359848329000000078e+01 1.137645034790039062e+02 -1.004304313659667969e+01 1.910495948791503906e+01 1.269268798828125000e+02 -5.855653381347656250e+01 3.411600494384765625e+01
1.362148799999999937e+01 1.164702453613281250e+02 -1.128179836273193359e+01 1.977796745300292969e+01 1.218157501220703125e+02 -5.522064208984375000e+01 3.721097946166992188e+01
1.364447239999999972e+01 1.189205780029296875e+02 -1.240047740936279297e+01 2.082505226135253906e+01 1.134369583129882812e+02 -5.410640716552734375e+01 3.143141555786132812e+01
1.366743817999999955e+01 1.216188278198242188e+02 -1.349164009094238281e+01 2.134753227233886719e+01 1.056248397827148438e+02 -5.134019470214843750e+01 3.024597358703613281e+01
1.369038276000000032e+01 1.239907836914062500e+02 -1.450070858001708984e+01 2.187935447692871094e+01 1.070102615356445312e+02 -4.846823883056640625e+01 2.943111610412597656e+01
1.371330956999999984e+01 1.262295303344726562e+02 -1.546621322631835938e+01 2.231153106689453125e+01 1.009863739013671875e+02 -4.963325500488281250e+01 2.492943191528320312e+01
1.371560151999999988e+01 1.276323699951171875e+02 -1.661412620544433594e+01 2.237837028503417969e+01 9.381545257568359375e+01 -4.764057922363281250e+01 2.611285591125488281e+01
1.371789155999999998e+01 1.277697601318359375e+02 -1.671039390563964844e+01 2.233513450622558594e+01 9.784415435791015625e+01 -4.699708175659179688e+01 2.317979240417480469e+01
1.372018311999999973e+01 1.280007934570312500e+02 -1.678328132629394531e+01 2.236210250854492188e+01 9.854923248291015625e+01 -4.764194107055664062e+01 2.356153488159179688e+01
1.372247448999999975e+01 1.280914459228515625e+02 -1.690301322937011719e+01 2.243590164184570312e+01 9.680475616455078125e+01 -4.959998321533203125e+01 2.546643638610839844e+01
1.372476565999999920e+01 1.283303985595703125e+02 -1.703839302062988281e+01 2.255655288696289062e+01 9.502035522460937500e+01 -4.750913238525390625e+01 2.228452873229980469e+01
1.372705664000000070e+01 1.284289093017578125e+02 -1.709575271606445312e+01 2.266943550109863281e+01 9.473641967773437500e+01 -5.030292510986328125e+01 2.248208045959472656e+01
1.372934655999999976e+01 1.286055450439453125e+02 -1.728585815429687500e+01 2.273551177978515625e+01 9.291777038574218750e+01 -4.932577896118164062e+01 2.445647621154785156e+01
1.373163543000000075e+01 1.286885070800781250e+02 -1.731984710693359375e+01 2.273132514953613281e+01 9.256275939941406250e+01 -5.027801895141601562e+01 2.303606414794921875e+01
1.373392583000000045e+01 1.290370025634765625e+02 -1.738508605957031250e+01 2.275056266784667969e+01 9.217581176757812500e+01 -4.944237136840820312e+01 2.333726119995117188e+01
1.373621602000000053e+01 1.291434936523437500e+02 -1.751283645629882812e+01 2.287916946411132812e+01 9.295240783691406250e+01 -4.933097457885742188e+01 2.145589256286621094e+01
