6.456227479999999908e+00 2.710371398925781250e+01 -3.689291477203369141e-01 -6.545390014648437500e+02 4.916251182556152344e+00 -4.609117889404296875e+01 3.120776367187500000e+01
6.482226409999999994e+00 2.727244377136230469e+01 -1.635673880577087402e+00 -6.537229003906250000e+02 4.865036010742187500e+00 -4.595204925537109375e+01 3.205959320068359375e+01
6.508233849999999876e+00 2.731517601013183594e+01 -3.023773431777954102e+00 -6.529537353515625000e+02 4.379838943481445312e+00 -4.621537399291992188e+01 3.304358673095703125e+01
6.534250570000000202e+00 2.725194358825683594e+01 -4.153563499450683594e+00 -6.522871093750000000e+02 3.392959117889404297e+00 -4.570921325683593750e+01 3.454364013671875000e+01
6.560274390000000011e+00 2.723027992248535156e+01 -5.239039897918701172e+00 -6.514905395507812500e+02 2.070777654647827148e+00 -4.477732467651367188e+01 3.562554168701171875e+01
6.586306079999999952e+00 2.711017227172851562e+01 -6.326557636260986328e+00 -6.505675659179687500e+02 1.037899255752563477e+00 -4.430492401123046875e+01 3.655876922607421875e+01
6.612346399999999846e+00 2.709129524230957031e+01 -7.377673625946044922e+00 -6.498070678710937500e+02 4.162650108337402344e-01 -4.425780487060546875e+01 3.751161956787109375e+01
6.638393169999999621e+00 2.703761863708496094e+01 -8.593152999877929688e+00 -6.489584960937500000e+02 -1.907110214233398438e-02 -4.433786392211914062e+01 3.879160308837890625e+01
6.664447169999999865e+00 2.720205688476562500e+01 -9.841324806213378906e+00 -6.477333984375000000e+02 1.943635940551757812e-02 -4.387067031860351562e+01 3.993006134033203125e+01
6.690508190000000077e+00 2.720342445373535156e+01 -1.095454311370849609e+01 -6.465418701171875000e+02 2.902240753173828125e-01 -4.360803985595703125e+01 4.135213470458984375e+01
6.716576970000000202e+00 2.735111618041992188e+01 -1.201359844207763672e+01 -6.453758544921875000e+02 6.169171333312988281e-01 -4.360877990722656250e+01 4.245879364013671875e+01
6.742651369999999922e+00 2.730438804626464844e+01 -1.314350986480712891e+01 -6.443696899414062500e+02 1.092617034912109375e+00 -4.400648498535156250e+01 4.321558380126953125e+01
6.768732149999999947e+00 2.744363403320312500e+01 -1.422762012481689453e+01 -6.431909179687500000e+02 1.988415479660034180e+00 -4.413856887817382812e+01 4.391843414306640625e+01
6.794819099999999779e+00 2.739164352416992188e+01 -1.550495052337646484e+01 -6.418945312500000000e+02 2.353736162185668945e+00 -4.457062911987304688e+01 4.520127105712890625e+01
6.820912980000000125e+00 2.757470512390136719e+01 -1.685048103332519531e+01 -6.406850585937500000e+02 2.734223604202270508e+00 -4.565919113159179688e+01 4.599222564697265625e+01
6.847012630000000044e+00 2.773646926879882812e+01 -1.815087890625000000e+01 -6.397034912109375000e+02 2.842425346374511719e+00 -4.665208435058593750e+01 4.653635406494140625e+01
6.873115860000000410e+00 2.809631156921386719e+01 -1.920807647705078125e+01 -6.382799072265625000e+02 3.771620273590087891e+00 -4.757839202880859375e+01 4.707503509521484375e+01
6.899226389999999931e+00 2.846656227111816406e+01 -2.057043838500976562e+01 -6.368644409179687500e+02 4.161750316619873047e+00 -4.808634185791015625e+01 4.756021881103515625e+01
6.925341089999999866e+00 2.870595932006835938e+01 -2.183860969543457031e+01 -6.354351196289062500e+02 4.207899093627929688e+00 -4.849354171752929688e+01 4.777426910400390625e+01
6.951461690000000360e+00 2.897282981872558594e+01 -2.300288581848144531e+01 -6.337972412109375000e+02 4.646874427795410156e+00 -4.899905014038085938e+01 4.819766998291015625e+01
6.977586050000000206e+00 2.916968345642089844e+01 -2.411561965942382812e+01 -6.326508178710937500e+02 4.968430519104003906e+00 -4.926850128173828125e+01 4.814686584472656250e+01
7.003714940000000055e+00 2.924248695373535156e+01 -2.535447502136230469e+01 -6.314479980468750000e+02 4.886956214904785156e+00 -4.903051376342773438e+01 4.825962066650390625e+01
7.029849139999999608e+00 2.949388313293457031e+01 -2.644802665710449219e+01 -6.301660156250000000e+02 4.594129085540771484e+00 -4.911664199829101562e+01 4.757828521728515625e+01
7.055985510000000183e+00 2.953124809265136719e+01 -2.754279327392578125e+01 -6.287773437500000000e+02 4.678973197937011719e+00 -5.078234100341796875e+01 4.468563842773437500e+01
7.082127759999999661e+00 2.977495574951171875e+01 -2.901598739624023438e+01 -6.274656372070312500e+02 4.455263137817382812e+00 -5.213661193847656250e+01 4.238259124755859375e+01
7.108273750000000391e+00 3.160925102233886719e+01 -3.258198165893554688e+01 -6.272357788085937500e+02 1.925797939300537109e+00 -5.184630584716796875e+01 4.127545166015625000e+01
7.134422279999999894e+00 2.962832450866699219e+01 -3.122692489624023438e+01 -6.246062622070312500e+02 2.062267065048217773e+00 -4.898694610595703125e+01 4.772385406494140625e+01
7.160574160000000354e+00 2.953333854675292969e+01 -3.219595718383789062e+01 -6.230664672851562500e+02 6.837239265441894531e-01 -4.779722976684570312e+01 5.141722106933593750e+01
7.186729180000000383e+00 2.932387161254882812e+01 -3.328336334228515625e+01 -6.215089721679687500e+02 -3.164033889770507812e-01 -4.786914443969726562e+01 5.231001663208007812e+01
7.212888119999999681e+00 2.928582382202148438e+01 -3.443998336791992188e+01 -6.198605346679687500e+02 5.511453151702880859e-01 -4.800756454467773438e+01 5.298970413208007812e+01
7.239048839999999707e+00 2.885906219482421875e+01 -3.574396514892578125e+01 -6.188696289062500000e+02 1.699202775955200195e+00 -4.790039443969726562e+01 5.373999786376953125e+01
7.265212110000000223e+00 2.952368927001953125e+01 -3.702249526977539062e+01 -6.171133422851562500e+02 7.008432388305664062e+00 -4.736000823974609375e+01 5.134603881835937500e+01
7.291377759999999597e+00 2.978753089904785156e+01 -3.832120895385742188e+01 -6.153748779296875000e+02 7.986737251281738281e+00 -4.742099380493164062e+01 5.207783889770507812e+01
7.317546560000000255e+00 2.974398040771484375e+01 -3.959420013427734375e+01 -6.140829467773437500e+02 4.193925857543945312e+00 -4.844870376586914062e+01 5.711213302612304688e+01
7.343716360000000165e+00 2.950129127502441406e+01 -4.082735061645507812e+01 -6.114871826171875000e+02 4.801148414611816406e+00 -4.805182266235351562e+01 5.886564636230468750e+01
7.369888949999999994e+00 2.974741172790527344e+01 -4.200178909301757812e+01 -6.101135253906250000e+02 5.907662391662597656e+00 -4.765842819213867188e+01 5.984359741210937500e+01
7.396062159999999608e+00 3.026355934143066406e+01 -4.320051193237304688e+01 -6.086771240234375000e+02 7.221159458160400391e+00 -4.753689575195312500e+01 6.088573455810546875e+01
7.422236800000000301e+00 3.060059356689453125e+01 -4.435387802124023438e+01 -6.073545532226562500e+02 8.256538391113281250e+00 -4.700029754638671875e+01 6.156436538696289062e+01
7.448412669999999736e+00 3.104629325866699219e+01 -4.553145217895507812e+01 -6.059182128906250000e+02 8.812635421752929688e+00 -4.634555053710937500e+01 6.137227249145507812e+01
7.474590570000000156e+00 3.155473709106445312e+01 -4.670999145507812500e+01 -6.044747924804687500e+02 9.454792976379394531e+00 -4.582036590576171875e+01 6.055882263183593750e+01
7.500767370000000156e+00 3.248754882812500000e+01 -4.811458969116210938e+01 -6.026681518554687500e+02 9.328777313232421875e+00 -4.722705078125000000e+01 5.973930740356445312e+01
7.526946820000000038e+00 3.283705902099609375e+01 -4.924853134155273438e+01 -6.014782104492187500e+02 2.234692573547363281e+00 -5.342635345458984375e+01 5.952659606933593750e+01
7.553126770000000434e+00 3.289092636108398438e+01 -5.050567626953125000e+01 -6.006507568359375000e+02 -2.658632040023803711e+00 -5.687732315063476562e+01 6.028630065917968750e+01
7.579306049999999573e+00 3.173915100097656250e+01 -5.156075668334960938e+01 -6.001696777343750000e+02 -4.520409107208251953e+00 -5.692781066894531250e+01 6.132029724121093750e+01
7.605485469999999637e+00 3.354794692993164062e+01 -5.321790313720703125e+01 -5.983743896484375000e+02 -9.513146877288818359e-01 -5.610691452026367188e+01 5.977160263061523438e+01
7.631664849999999944e+00 3.370728302001953125e+01 -5.458840560913085938e+01 -5.968085327148437500e+02 6.025650501251220703e+00 -5.405726242065429688e+01 5.729838180541992188e+01
7.657843999999999873e+00 3.379551696777343750e+01 -5.601298522949218750e+01 -5.955643920898437500e+02 6.095674037933349609e+00 -5.396227264404296875e+01 5.714175415039062500e+01
7.684023729999999830e+00 3.378821563720703125e+01 -5.767356872558593750e+01 -5.946210327148437500e+02 5.036417961120605469e+00 -5.404963302612304688e+01 5.732406616210937500e+01
7.710202889999999698e+00 3.395283889770507812e+01 -5.908818817138671875e+01 -5.928647460937500000e+02 3.763914823532104492e+00 -5.391239547729492188e+01 5.797358703613281250e+01
7.736379330000000110e+00 3.393538665771484375e+01 -6.045175933837890625e+01 -5.910961303710937500e+02 2.313773632049560547e+00 -5.381964492797851562e+01 5.930228042602539062e+01
7.762556810000000418e+00 3.391738128662109375e+01 -6.178788757324218750e+01 -5.893921508789062500e+02 9.636445045471191406e-01 -5.346368026733398438e+01 6.077272033691406250e+01
7.788733180000000367e+00 3.384574127197265625e+01 -6.301910781860351562e+01 -5.876811523437500000e+02 1.084554195404052734e-01 -5.315707015991210938e+01 6.219184112548828125e+01
7.814907289999999840e+00 3.331354522705078125e+01 -6.427520751953125000e+01 -5.859390258789062500e+02 -4.608895778656005859e-01 -5.293238449096679688e+01 6.359202575683593750e+01
7.841079960000000071e+00 3.335066604614257812e+01 -6.558058929443359375e+01 -5.841072998046875000e+02 -3.553547859191894531e-01 -5.263191604614257812e+01 6.472883605957031250e+01
7.867251979999999811e+00 3.367452621459960938e+01 -6.685777282714843750e+01 -5.820785522460937500e+02 -1.024131774902343750e-01 -5.230823135375976562e+01 6.581252288818359375e+01
7.893420260000000077e+00 3.378503036499023438e+01 -6.810648345947265625e+01 -5.802705688476562500e+02 -2.098803520202636719e-01 -5.169139480590820312e+01 6.747309875488281250e+01
7.919589509999999777e+00 3.386632919311523438e+01 -6.949760437011718750e+01 -5.784556884765625000e+02 7.989406585693359375e-02 -5.143760681152343750e+01 6.982244110107421875e+01
7.945754680000000292e+00 3.355548095703125000e+01 -7.079196929931640625e+01 -5.764818115234375000e+02 3.924815654754638672e-01 -5.111408996582031250e+01 7.216494750976562500e+01
7.971917549999999686e+00 3.347357559204101562e+01 -7.218538665771484375e+01 -5.745396118164062500e+02 1.226950168609619141e+00 -5.097949218750000000e+01 7.393249511718750000e+01
7.998077959999999820e+00 3.352875900268554688e+01 -7.355538177490234375e+01 -5.724471435546875000e+02 2.294456005096435547e+00 -5.085217285156250000e+01 7.536231994628906250e+01
8.024235739999999950e+00 3.347514343261718750e+01 -7.485235595703125000e+01 -5.705838012695312500e+02 3.061727762222290039e+00 -5.068745422363281250e+01 7.660861206054687500e+01
8.050391709999999534e+00 3.362878417968750000e+01 -7.617474365234375000e+01 -5.686393432617187500e+02 3.938575267791748047e+00 -5.080469131469726562e+01 7.686067199707031250e+01
8.076543739999999971e+00 3.394656753540039062e+01 -7.759711456298828125e+01 -5.666679077148437500e+02 4.750790119171142578e+00 -5.117084884643554688e+01 7.706339263916015625e+01
8.102692649999999830e+00 3.427050399780273438e+01 -7.910031890869140625e+01 -5.644705200195312500e+02 4.813480377197265625e+00 -5.163399505615234375e+01 7.708537292480468750e+01
8.128838280000000083e+00 3.317388916015625000e+01 -8.045541381835937500e+01 -5.627638549804687500e+02 4.103612899780273438e+00 -5.199282836914062500e+01 7.840966033935546875e+01
8.154981449999999299e+00 3.406177902221679688e+01 -8.204132843017578125e+01 -5.602915039062500000e+02 4.438913345336914062e+00 -5.237267303466796875e+01 7.864349365234375000e+01
8.181120039999999705e+00 3.372537994384765625e+01 -8.333833312988281250e+01 -5.580504760742187500e+02 4.600264072418212891e+00 -5.196516418457031250e+01 8.012384796142578125e+01
8.207255840000000191e+00 3.409554290771484375e+01 -8.467595672607421875e+01 -5.557161254882812500e+02 5.637227058410644531e+00 -5.161094284057617188e+01 8.108094787597656250e+01
8.233386749999999310e+00 3.426559066772460938e+01 -8.585794830322265625e+01 -5.532776489257812500e+02 6.605610847473144531e+00 -5.114193344116210938e+01 8.223574066162109375e+01
8.259513580000000132e+00 3.454717254638671875e+01 -8.719120025634765625e+01 -5.509869995117187500e+02 7.654249191284179688e+00 -5.133649063110351562e+01 8.310494995117187500e+01
8.285636179999999129e+00 3.482466506958007812e+01 -8.861606597900390625e+01 -5.487442016601562500e+02 8.362451553344726562e+00 -5.135905075073242188e+01 8.372792053222656250e+01
8.311754390000000825e+00 3.468690109252929688e+01 -8.998596191406250000e+01 -5.466004028320312500e+02 8.712485313415527344e+00 -5.163611984252929688e+01 8.458998107910156250e+01
8.337869039999999288e+00 3.433434677124023438e+01 -9.142766571044921875e+01 -5.436152954101562500e+02 8.642974853515625000e+00 -5.227931594848632812e+01 8.609732055664062500e+01
8.363978010000000296e+00 3.521397018432617188e+01 -9.303343200683593750e+01 -5.424655151367187500e+02 7.226196765899658203e+00 -5.278704071044921875e+01 8.754492187500000000e+01
8.390083110000000843e+00 3.539700698852539062e+01 -9.449768066406250000e+01 -5.401481933593750000e+02 7.435649871826171875e+00 -5.311134338378906250e+01 8.576760101318359375e+01
8.416182239999999481e+00 3.559076690673828125e+01 -9.585520172119140625e+01 -5.380848388671875000e+02 6.696029663085937500e+00 -5.314548492431640625e+01 8.572542572021484375e+01
8.442277199999999482e+00 3.550246429443359375e+01 -9.715139007568359375e+01 -5.357994995117187500e+02 5.940820693969726562e+00 -5.295368576049804688e+01 8.715172576904296875e+01
8.468365880000000345e+00 3.606740570068359375e+01 -9.879265594482421875e+01 -5.336461791992187500e+02 5.114827156066894531e+00 -5.306273651123046875e+01 8.846434020996093750e+01
8.494449109999999692e+00 3.465732955932617188e+01 -9.977470397949218750e+01 -5.315690307617187500e+02 3.870271921157836914e+00 -5.216172027587890625e+01 9.082843017578125000e+01
8.520526750000000149e+00 3.519625854492187500e+01 -1.012830429077148438e+02 -5.288339843750000000e+02 3.071966409683227539e+00 -5.168787384033203125e+01 9.178019714355468750e+01
8.546599620000000286e+00 3.529123687744140625e+01 -1.025795822143554688e+02 -5.263078613281250000e+02 2.573603868484497070e+00 -5.107456207275390625e+01 9.315130615234375000e+01
8.572665629999999481e+00 3.508987045288085938e+01 -1.038292007446289062e+02 -5.239196166992187500e+02 2.068637847900390625e+00 -5.057667922973632812e+01 9.476832580566406250e+01
8.598725610000000685e+00 3.548656845092773438e+01 -1.052608337402343750e+02 -5.211333618164062500e+02 2.057367324829101562e+00 -5.025473022460937500e+01 9.611925506591796875e+01
8.624779410000000368e+00 3.498606491088867188e+01 -1.062487564086914062e+02 -5.185263061523437500e+02 1.655821323394775391e+00 -5.013278579711914062e+01 9.786239624023437500e+01
8.650827870000000530e+00 3.526838684082031250e+01 -1.077220382690429688e+02 -5.159376831054687500e+02 1.354307413101196289e+00 -4.995384979248046875e+01 9.963211059570312500e+01
8.676868900000000551e+00 3.514216613769531250e+01 -1.089701080322265625e+02 -5.130997924804687500e+02 1.626405239105224609e+00 -4.984449768066406250e+01 1.014123382568359375e+02
8.702904289999999321e+00 3.509914779663085938e+01 -1.102071151733398438e+02 -5.103426818847656250e+02 2.355983018875122070e+00 -4.994379806518554688e+01 1.031535949707031250e+02
8.728931969999999652e+00 3.496058654785156250e+01 -1.115595092773437500e+02 -5.076511535644531250e+02 3.327146053314208984e+00 -5.000302505493164062e+01 1.051872863769531250e+02
8.754952779999999990e+00 3.570393371582031250e+01 -1.130862503051757812e+02 -5.045870666503906250e+02 4.096373558044433594e+00 -4.971733093261718750e+01 1.070322570800781250e+02
8.780966559999999532e+00 3.580913925170898438e+01 -1.145182266235351562e+02 -5.017518920898437500e+02 4.649089813232421875e+00 -4.898285675048828125e+01 1.090752182006835938e+02
8.806974159999999330e+00 3.646158218383789062e+01 -1.160353775024414062e+02 -4.984889221191406250e+02 5.620003700256347656e+00 -4.850551605224609375e+01 1.107241058349609375e+02
8.832972520000000216e+00 3.734564208984375000e+01 -1.175157775878906250e+02 -4.953914794921875000e+02 6.491050720214843750e+00 -4.824454498291015625e+01 1.118666076660156250e+02
8.858966369999999202e+00 3.818006134033203125e+01 -1.189644622802734375e+02 -4.921459960937500000e+02 7.147485256195068359e+00 -4.788037872314453125e+01 1.128303070068359375e+02
8.884950720000000857e+00 3.720454406738281250e+01 -1.201297607421875000e+02 -4.898215026855468750e+02 7.935312747955322266e+00 -4.770110321044921875e+01 1.158916397094726562e+02
8.910927369999999570e+00 3.718383026123046875e+01 -1.215136413574218750e+02 -4.869499816894531250e+02 7.886911392211914062e+00 -4.744062423706054688e+01 1.169192657470703125e+02
8.936896190000000573e+00 3.779677581787109375e+01 -1.226554565429687500e+02 -4.836407165527343750e+02 8.693773269653320312e+00 -4.787874221801757812e+01 1.179634017944335938e+02
8.962858029999999587e+00 3.840676879882812500e+01 -1.239789886474609375e+02 -4.803916625976562500e+02 8.790218353271484375e+00 -4.760241317749023438e+01 1.177505035400390625e+02
8.988810799999999546e+00 3.887340545654296875e+01 -1.253991317749023438e+02 -4.772844543457031250e+02 8.904056549072265625e+00 -4.741414642333984375e+01 1.180535888671875000e+02
9.014755349999999723e+00 3.906579589843750000e+01 -1.267162628173828125e+02 -4.741469726562500000e+02 8.484031677246093750e+00 -4.677665328979492188e+01 1.187875976562500000e+02
9.040692529999999394e+00 3.924781036376953125e+01 -1.279676055908203125e+02 -4.711039123535156250e+02 8.163066864013671875e+00 -4.685314941406250000e+01 1.199318237304687500e+02
9.066620249999999714e+00 3.948461532592773438e+01 -1.294027557373046875e+02 -4.680038452148437500e+02 7.846845626831054688e+00 -4.639524459838867188e+01 1.208793182373046875e+02
9.092539379999999838e+00 3.974932479858398438e+01 -1.307450408935546875e+02 -4.647810363769531250e+02 7.442984580993652344e+00 -4.574899291992187500e+01 1.223857650756835938e+02
9.118450740000000110e+00 3.988923263549804688e+01 -1.319828948974609375e+02 -4.614732055664062500e+02 7.188359260559082031e+00 -4.503350067138671875e+01 1.240178680419921875e+02
9.144352279999999666e+00 4.056578445434570312e+01 -1.333290100097656250e+02 -4.581180114746093750e+02 7.309755325317382812e+00 -4.450704193115234375e+01 1.253724136352539062e+02
9.170244840000000508e+00 4.058665847778320312e+01 -1.344055938720703125e+02 -4.547757873535156250e+02 7.394844532012939453e+00 -4.425719833374023438e+01 1.269441604614257812e+02
9.196129259999999306e+00 4.084915161132812500e+01 -1.357111206054687500e+02 -4.514411621093750000e+02 7.370631217956542969e+00 -4.389675140380859375e+01 1.282036132812500000e+02
9.222003490000000525e+00 3.990549087524414062e+01 -1.362165374755859375e+02 -4.480205688476562500e+02 7.113487243652343750e+00 -4.303774261474609375e+01 1.300588073730468750e+02
9.247867409999999566e+00 3.789664840698242188e+01 -1.368333587646484375e+02 -4.458172302246093750e+02 6.446043014526367188e+00 -4.188828277587890625e+01 1.321987609863281250e+02
9.273723790000000022e+00 3.994171524047851562e+01 -1.389462280273437500e+02 -4.414569702148437500e+02 7.433734893798828125e+00 -4.209584808349609375e+01 1.322707519531250000e+02
9.299569619999999759e+00 3.991495895385742188e+01 -1.398798980712890625e+02 -4.379271240234375000e+02 7.875085830688476562e+00 -4.100287628173828125e+01 1.334204101562500000e+02
9.325406720000000149e+00 4.037702560424804688e+01 -1.409331207275390625e+02 -4.341489562988281250e+02 8.207891464233398438e+00 -4.017992401123046875e+01 1.343494873046875000e+02
9.351233020000000451e+00 4.032802581787109375e+01 -1.419283447265625000e+02 -4.306504821777343750e+02 8.057411193847656250e+00 -3.876190567016601562e+01 1.359532470703125000e+02
9.377049380000000767e+00 4.051858901977539062e+01 -1.428651733398437500e+02 -4.269700622558593750e+02 7.977213859558105469e+00 -3.769876098632812500e+01 1.373907928466796875e+02
9.402856639999999544e+00 4.039049911499023438e+01 -1.437655487060546875e+02 -4.232857055664062500e+02 8.010146141052246094e+00 -3.646245956420898438e+01 1.390370178222656250e+02
9.428653739999999672e+00 4.061491012573242188e+01 -1.446068115234375000e+02 -4.196200866699218750e+02 8.472790718078613281e+00 -3.455102539062500000e+01 1.407001190185546875e+02
9.454439580000000731e+00 4.046317672729492188e+01 -1.452760772705078125e+02 -4.159790039062500000e+02 9.023871421813964844e+00 -3.369510269165039062e+01 1.420295715332031250e+02
9.480215019999999271e+00 4.082883453369140625e+01 -1.460088806152343750e+02 -4.121035766601562500e+02 9.688351631164550781e+00 -3.337445068359375000e+01 1.430870971679687500e+02
9.505979950000000400e+00 4.116181945800781250e+01 -1.468846740722656250e+02 -4.084440917968750000e+02 1.086002922058105469e+01 -3.393564605712890625e+01 1.443149719238281250e+02
9.531734260000000347e+00 4.170531463623046875e+01 -1.479214172363281250e+02 -4.047079772949218750e+02 1.143922615051269531e+01 -3.395019531250000000e+01 1.453776702880859375e+02
9.557478789999999336e+00 4.231319046020507812e+01 -1.489896392822265625e+02 -4.007244873046875000e+02 1.196365356445312500e+01 -3.383720397949218750e+01 1.466194915771484375e+02
9.583211520000000760e+00 4.278121566772460938e+01 -1.498905944824218750e+02 -3.966742248535156250e+02 1.212632751464843750e+01 -3.363009643554687500e+01 1.477052459716796875e+02
9.608933289999999516e+00 4.269820404052734375e+01 -1.507142791748046875e+02 -3.930525207519531250e+02 1.196316814422607422e+01 -3.331652832031250000e+01 1.489238433837890625e+02
9.634643990000000713e+00 4.300269699096679688e+01 -1.518084869384765625e+02 -3.890513610839843750e+02 1.150218963623046875e+01 -3.291526031494140625e+01 1.503524169921875000e+02
9.660343530000000456e+00 4.343973922729492188e+01 -1.526657104492187500e+02 -3.852522888183593750e+02 1.101211833953857422e+01 -3.219424438476562500e+01 1.519026947021484375e+02
9.686032759999999797e+00 4.445176696777343750e+01 -1.536456298828125000e+02 -3.810315246582031250e+02 1.068943977355957031e+01 -3.138325881958007812e+01 1.530863494873046875e+02
9.711709629999999649e+00 4.458842468261718750e+01 -1.545536651611328125e+02 -3.772888793945312500e+02 1.008437347412109375e+01 -3.044619750976562500e+01 1.545089874267578125e+02
9.737375990000000314e+00 4.480013275146484375e+01 -1.553374633789062500e+02 -3.731866149902343750e+02 9.345486640930175781e+00 -2.934884452819824219e+01 1.555298004150390625e+02
9.763030750000000424e+00 4.481608200073242188e+01 -1.561174316406250000e+02 -3.691612243652343750e+02 8.470497131347656250e+00 -2.833109664916992188e+01 1.566327667236328125e+02
9.788671900000000647e+00 4.497052001953125000e+01 -1.568299102783203125e+02 -3.651208190917968750e+02 7.736920356750488281e+00 -2.699774742126464844e+01 1.579955139160156250e+02
9.814303170000000520e+00 4.505562973022460938e+01 -1.574338378906250000e+02 -3.610363769531250000e+02 7.207646369934082031e+00 -2.563544845581054688e+01 1.598403320312500000e+02
9.839921580000000390e+00 4.619224166870117188e+01 -1.581957855224609375e+02 -3.566696166992187500e+02 7.404338359832763672e+00 -2.430606460571289062e+01 1.613467864990234375e+02
9.865527999999999409e+00 4.572059249877929688e+01 -1.587324829101562500e+02 -3.528164672851562500e+02 7.779554843902587891e+00 -2.332824134826660156e+01 1.628697967529296875e+02
9.891123269999999579e+00 4.549155426025390625e+01 -1.591941833496093750e+02 -3.486518859863281250e+02 7.834689140319824219e+00 -2.193431091308593750e+01 1.644568176269531250e+02
9.916706350000000114e+00 4.561193466186523438e+01 -1.601358337402343750e+02 -3.448229675292968750e+02 7.688354492187500000e+00 -2.073942565917968750e+01 1.658150787353515625e+02
9.942275220000000857e+00 4.318945312500000000e+01 -1.600078125000000000e+02 -3.414960937500000000e+02 6.005628108978271484e+00 -1.911761665344238281e+01 1.675312347412109375e+02
9.967832659999999123e+00 4.526582717895507812e+01 -1.606528778076171875e+02 -3.362260437011718750e+02 7.228147506713867188e+00 -1.800861740112304688e+01 1.690336761474609375e+02
9.993379519999999516e+00 4.397304153442382812e+01 -1.610932617187500000e+02 -3.321779785156250000e+02 6.147582054138183594e+00 -1.663306236267089844e+01 1.705955200195312500e+02
1.001891093000000055e+01 4.541635131835937500e+01 -1.615812683105468750e+02 -3.272961120605468750e+02 6.458411693572998047e+00 -1.564135837554931641e+01 1.721134033203125000e+02
1.004443157000000042e+01 4.516352844238281250e+01 -1.616976013183593750e+02 -3.227747497558593750e+02 6.282102584838867188e+00 -1.406970977783203125e+01 1.741006164550781250e+02
1.006993849000000019e+01 4.668571090698242188e+01 -1.622926483154296875e+02 -3.177399597167968750e+02 7.098832130432128906e+00 -1.289670276641845703e+01 1.757976989746093750e+02
1.009543348999999957e+01 4.796465301513671875e+01 -1.628709411621093750e+02 -3.127879333496093750e+02 7.575634956359863281e+00 -1.169236946105957031e+01 1.773965759277343750e+02
1.012091363000000044e+01 4.644182968139648438e+01 -1.626237030029296875e+02 -3.086270751953125000e+02 7.367298126220703125e+00 -1.009175777435302734e+01 1.797104187011718750e+02
1.014638262999999974e+01 4.639001846313476562e+01 -1.626957855224609375e+02 -3.039573974609375000e+02 7.507272720336914062e+00 -8.706937789916992188e+00 1.814836730957031250e+02
1.017183754000000029e+01 4.695859909057617188e+01 -1.629757232666015625e+02 -2.990565185546875000e+02 7.476918220520019531e+00 -7.408877372741699219e+00 1.831240234375000000e+02
1.019727920999999959e+01 4.696667480468750000e+01 -1.631118164062500000e+02 -2.942941894531250000e+02 7.061706542968750000e+00 -5.769346237182617188e+00 1.849218139648437500e+02
1.022270853000000024e+01 4.729217147827148438e+01 -1.633009948730468750e+02 -2.894314575195312500e+02 6.791828155517578125e+00 -4.354185104370117188e+00 1.864761657714843750e+02
1.024812348000000028e+01 4.787699127197265625e+01 -1.634054718017578125e+02 -2.843117065429687500e+02 6.942568302154541016e+00 -3.102378845214843750e+00 1.881295471191406250e+02
1.027352589000000016e+01 4.847586059570312500e+01 -1.636233520507812500e+02 -2.795054016113281250e+02 6.824317932128906250e+00 -1.799673080444335938e+00 1.893465270996093750e+02
1.029891281999999997e+01 4.864239120483398438e+01 -1.637140502929687500e+02 -2.746286010742187500e+02 6.681647777557373047e+00 -6.069774627685546875e-01 1.906876678466796875e+02
1.032428894000000064e+01 4.730979156494140625e+01 -1.635618896484375000e+02 -2.709566345214843750e+02 5.770120620727539062e+00 1.014830589294433594e+00 1.921819152832031250e+02
1.034964845000000011e+01 4.909137344360351562e+01 -1.633471069335937500e+02 -2.652073059082031250e+02 4.405449867248535156e+00 3.161478042602539062e+00 1.928494873046875000e+02
1.037499509000000053e+01 5.160838317871093750e+01 -1.619341278076171875e+02 -2.602941894531250000e+02 2.868531703948974609e+00 5.442609786987304688e+00 1.935793762207031250e+02
1.040032874999999990e+01 4.837440109252929688e+01 -1.607268676757812500e+02 -2.561555786132812500e+02 1.207218170166015625e+00 7.937086105346679688e+00 1.955867767333984375e+02
1.042564746000000042e+01 4.982048797607421875e+01 -1.629330444335937500e+02 -2.491024322509765625e+02 5.554578304290771484e-01 1.024215507507324219e+01 1.971726379394531250e+02
1.045095303000000087e+01 4.864554977416992188e+01 -1.624104156494140625e+02 -2.445532226562500000e+02 -2.327895164489746094e-01 1.237228965759277344e+01 1.997296905517578125e+02
1.047624255000000026e+01 4.972392654418945312e+01 -1.620924072265625000e+02 -2.389245758056640625e+02 -2.371430397033691406e-02 1.504612731933593750e+01 2.008702392578125000e+02
1.050151877000000056e+01 4.877623367309570312e+01 -1.615264282226562500e+02 -2.340314636230468750e+02 -4.938035011291503906e-01 1.785921478271484375e+01 2.024616241455078125e+02
1.052678161999999951e+01 4.929921340942382812e+01 -1.612149353027343750e+02 -2.287355651855468750e+02 -8.284204006195068359e-01 2.047212219238281250e+01 2.036032562255859375e+02
1.055203005999999988e+01 4.851226806640625000e+01 -1.603097076416015625e+02 -2.236256713867187500e+02 -1.285580635070800781e+00 2.310127830505371094e+01 2.052689361572265625e+02
1.057726307000000077e+01 4.866580581665039062e+01 -1.596648101806640625e+02 -2.179255676269531250e+02 -1.569081306457519531e+00 2.585973930358886719e+01 2.065494232177734375e+02
1.060248153000000038e+01 4.868354797363281250e+01 -1.589047241210937500e+02 -2.126025543212890625e+02 -2.163158416748046875e+00 2.868697738647460938e+01 2.078590545654296875e+02
1.062768628999999976e+01 4.903550338745117188e+01 -1.581526641845703125e+02 -2.071385955810546875e+02 -2.621158838272094727e+00 3.161327743530273438e+01 2.092382812500000000e+02
1.065287541000000004e+01 4.917121505737304688e+01 -1.572783660888671875e+02 -2.014647979736328125e+02 -2.826045513153076172e+00 3.481875991821289062e+01 2.107524719238281250e+02
1.067804972999999968e+01 4.909558868408203125e+01 -1.563121948242187500e+02 -1.961335449218750000e+02 -2.957341909408569336e+00 3.801111221313476562e+01 2.121986694335937500e+02
1.070321013999999948e+01 4.896940612792968750e+01 -1.552723541259765625e+02 -1.905363006591796875e+02 -2.702491760253906250e+00 4.131883239746093750e+01 2.133141784667968750e+02
1.072835466999999987e+01 4.866747283935546875e+01 -1.540647430419921875e+02 -1.849338989257812500e+02 -2.401207208633422852e+00 4.447924041748046875e+01 2.144487457275390625e+02
1.075348420000000083e+01 5.003468322753906250e+01 -1.524944000244140625e+02 -1.786943969726562500e+02 -1.900706291198730469e+00 4.772732162475585938e+01 2.150811920166015625e+02
1.077859864999999928e+01 4.872343063354492188e+01 -1.514620971679687500e+02 -1.736700897216796875e+02 -1.897331953048706055e+00 5.127337265014648438e+01 2.158383636474609375e+02
1.080369888999999972e+01 4.858137130737304688e+01 -1.501605987548828125e+02 -1.682663116455078125e+02 -2.103479862213134766e+00 5.527989196777343750e+01 2.166335754394531250e+02
1.082878297000000067e+01 4.870275115966796875e+01 -1.486450500488281250e+02 -1.626068878173828125e+02 -1.839293956756591797e+00 5.933248138427734375e+01 2.170272674560546875e+02
1.085385175999999952e+01 4.861609268188476562e+01 -1.470655670166015625e+02 -1.570688323974609375e+02 -1.751072883605957031e+00 6.325959014892578125e+01 2.172002563476562500e+02
1.087890613000000073e+01 4.829488754272460938e+01 -1.453586273193359375e+02 -1.518046875000000000e+02 -1.870817422866821289e+00 6.740602111816406250e+01 2.173109588623046875e+02
1.090394507000000068e+01 4.851026916503906250e+01 -1.432385864257812500e+02 -1.459487152099609375e+02 -1.489299774169921875e+00 7.151373291015625000e+01 2.164158630371093750e+02
1.092896758000000013e+01 4.868170166015625000e+01 -1.416483306884765625e+02 -1.406776275634765625e+02 -1.341170310974121094e+00 7.484027862548828125e+01 2.146446838378906250e+02
1.095397451999999916e+01 4.878987121582031250e+01 -1.394277954101562500e+02 -1.349906158447265625e+02 -7.278974056243896484e-01 7.849468231201171875e+01 2.120940856933593750e+02
1.097896584000000075e+01 4.887897872924804688e+01 -1.371974487304687500e+02 -1.294777069091796875e+02 -4.960453510284423828e-01 8.281926727294921875e+01 2.095289764404296875e+02
1.100394239000000063e+01 4.889148330688476562e+01 -1.348296966552734375e+02 -1.242421875000000000e+02 -4.600403308868408203e-01 8.632377624511718750e+01 2.063114929199218750e+02
1.102890224999999980e+01 4.933208084106445312e+01 -1.320104675292968750e+02 -1.186399765014648438e+02 -5.113844871520996094e-01 8.955208587646484375e+01 2.016508026123046875e+02
1.105384628999999919e+01 4.938321304321289062e+01 -1.291856689453125000e+02 -1.135788269042968750e+02 -9.624147415161132812e-01 9.210021209716796875e+01 1.970177459716796875e+02
1.107877444000000011e+01 4.925443267822265625e+01 -1.264708480834960938e+02 -1.087282104492187500e+02 -1.697099924087524414e+00 9.439933776855468750e+01 1.919676055908203125e+02
1.110368850000000052e+01 4.943992614746093750e+01 -1.235965957641601562e+02 -1.038000411987304688e+02 -3.167870998382568359e+00 9.667992401123046875e+01 1.859123382568359375e+02
1.112858282000000010e+01 4.941956329345703125e+01 -1.205234146118164062e+02 -9.887134552001953125e+01 -3.954253435134887695e+00 9.871496582031250000e+01 1.800360565185546875e+02
1.115346480000000007e+01 4.936000823974609375e+01 -1.173922424316406250e+02 -9.423920440673828125e+01 -4.403571128845214844e+00 9.924370574951171875e+01 1.752663421630859375e+02
1.117832877000000025e+01 4.973974990844726562e+01 -1.143516159057617188e+02 -8.969198608398437500e+01 -4.669641971588134766e+00 9.957492065429687500e+01 1.709492187500000000e+02
1.120317655000000023e+01 4.945948028564453125e+01 -1.113761901855468750e+02 -8.562563323974609375e+01 -4.665566444396972656e+00 1.000105743408203125e+02 1.677748565673828125e+02
1.122800900000000013e+01 5.043757629394531250e+01 -1.084274749755859375e+02 -8.079622650146484375e+01 -4.696534156799316406e+00 9.972354888916015625e+01 1.653472137451171875e+02
1.125282327999999943e+01 4.931752014160156250e+01 -1.058504943847656250e+02 -7.721640777587890625e+01 -5.015667915344238281e+00 9.924791717529296875e+01 1.662944793701171875e+02
1.127762305000000076e+01 4.875343322753906250e+01 -1.032563629150390625e+02 -7.347889709472656250e+01 -3.872742652893066406e+00 9.824299621582031250e+01 1.660928802490234375e+02
1.130240638000000075e+01 4.810845947265625000e+01 -1.007103500366210938e+02 -6.947185516357421875e+01 -8.105761528015136719e+00 9.686395263671875000e+01 1.635108032226562500e+02
1.132717137999999935e+01 4.848146438598632812e+01 -9.818657684326171875e+01 -6.515453338623046875e+01 -9.842265129089355469e+00 9.575268554687500000e+01 1.637012023925781250e+02
1.135192261000000080e+01 4.821960830688476562e+01 -9.558038330078125000e+01 -6.110221099853515625e+01 -1.176636314392089844e+01 9.513706970214843750e+01 1.638909301757812500e+02
1.137665445999999925e+01 4.758857345581054688e+01 -9.302268218994140625e+01 -5.699462127685546875e+01 -1.377802371978759766e+01 9.498728179931640625e+01 1.652539672851562500e+02
1.140137151000000060e+01 4.784322738647460938e+01 -9.064547729492187500e+01 -5.275916671752929688e+01 -1.508332061767578125e+01 9.459349822998046875e+01 1.666158294677734375e+02
1.142607092000000080e+01 4.800619506835937500e+01 -8.825860595703125000e+01 -4.840839004516601562e+01 -1.349549674987792969e+01 9.427993774414062500e+01 1.697954711914062500e+02
1.145075356999999983e+01 4.697378921508789062e+01 -8.612631988525390625e+01 -4.453625106811523438e+01 -1.820681381225585938e+01 9.587693786621093750e+01 1.697286071777343750e+02
1.147542033000000039e+01 4.669163513183593750e+01 -8.377359008789062500e+01 -4.012634658813476562e+01 -2.185203170776367188e+01 9.552989959716796875e+01 1.692710723876953125e+02
1.150006838000000009e+01 4.660699844360351562e+01 -8.137161254882812500e+01 -3.544757461547851562e+01 -2.425248146057128906e+01 9.683605194091796875e+01 1.702527313232421875e+02
1.152470042999999933e+01 4.551197052001953125e+01 -7.897332763671875000e+01 -3.138871002197265625e+01 -2.700797271728515625e+01 9.648145294189453125e+01 1.715674743652343750e+02
1.154931642999999930e+01 4.463879776000976562e+01 -7.651224517822265625e+01 -2.708144569396972656e+01 -2.905679130554199219e+01 9.775104522705078125e+01 1.725599517822265625e+02
1.157391357000000021e+01 4.419546508789062500e+01 -7.406140899658203125e+01 -2.237112045288085938e+01 -3.036355209350585938e+01 9.909942626953125000e+01 1.729815216064453125e+02
1.159849731999999989e+01 4.319568252563476562e+01 -7.158084869384765625e+01 -1.789020156860351562e+01 -3.584141159057617188e+01 1.006695404052734375e+02 1.723052673339843750e+02
1.162306026000000081e+01 4.302848815917968750e+01 -6.905707550048828125e+01 -1.323181247711181641e+01 -3.920750808715820312e+01 1.029623794555664062e+02 1.722513580322265625e+02
1.164760695999999918e+01 4.159306716918945312e+01 -6.642285156250000000e+01 -8.830899238586425781e+00 -4.328724670410156250e+01 1.058929138183593750e+02 1.717375946044921875e+02
1.167213734999999986e+01 4.025950241088867188e+01 -6.369103240966796875e+01 -4.440435886383056641e+00 -4.779917526245117188e+01 1.095201416015625000e+02 1.711823425292968750e+02
1.169664956999999994e+01 3.963412094116210938e+01 -6.103614044189453125e+01 1.009529232978820801e-01 -5.204869079589843750e+01 1.127712326049804688e+02 1.708074340820312500e+02
1.172114447000000048e+01 3.885106277465820312e+01 -5.814848709106445312e+01 5.164858818054199219e+00 -5.667967224121093750e+01 1.163189163208007812e+02 1.689902648925781250e+02
1.174562200999999995e+01 3.732854843139648438e+01 -5.508089065551757812e+01 9.274719238281250000e+00 -6.164488220214843750e+01 1.198393707275390625e+02 1.675120391845703125e+02
1.177008305999999926e+01 3.529936218261718750e+01 -5.225875473022460938e+01 1.350119400024414062e+01 -6.696704101562500000e+01 1.238312759399414062e+02 1.658717498779296875e+02
1.179452573999999920e+01 3.175053405761718750e+01 -4.909366226196289062e+01 1.682785034179687500e+01 -7.300034332275390625e+01 1.283078155517578125e+02 1.638247375488281250e+02
1.181895276000000017e+01 3.013786506652832031e+01 -4.596414947509765625e+01 2.129416465759277344e+01 -7.777114868164062500e+01 1.325312042236328125e+02 1.611506958007812500e+02
1.184335950000000004e+01 2.760041809082031250e+01 -4.262549972534179688e+01 2.534121322631835938e+01 -8.290935516357421875e+01 1.371194000244140625e+02 1.578852539062500000e+02
1.186774957000000086e+01 2.576930809020996094e+01 -3.924706649780273438e+01 2.960061836242675781e+01 -8.769550323486328125e+01 1.411499176025390625e+02 1.540946655273437500e+02
1.189212292999999931e+01 2.338495254516601562e+01 -3.571259307861328125e+01 3.364318847656250000e+01 -9.203176116943359375e+01 1.450912475585937500e+02 1.496475982666015625e+02
1.191647769999999973e+01 2.100542449951171875e+01 -3.213077163696289062e+01 3.757712936401367188e+01 -9.610726165771484375e+01 1.488754272460937500e+02 1.444619750976562500e+02
1.194081386000000045e+01 1.838403129577636719e+01 -2.828206825256347656e+01 4.144289779663085938e+01 -1.000599975585937500e+02 1.525285034179687500e+02 1.386907196044921875e+02
1.196513408999999939e+01 1.584912395477294922e+01 -2.435738372802734375e+01 4.523318099975585938e+01 -1.025660247802734375e+02 1.568165588378906250e+02 1.359434356689453125e+02
1.198943651999999993e+01 1.243809700012207031e+01 -2.041829109191894531e+01 4.821138381958007812e+01 -1.063353576660156250e+02 1.585449371337890625e+02 1.252365036010742188e+02
1.201372111999999959e+01 9.421253204345703125e+00 -1.626492881774902344e+01 5.150331115722656250e+01 -1.085255126953125000e+02 1.604583129882812500e+02 1.180419082641601562e+02
1.203798693999999969e+01 9.369215965270996094e+00 -1.311137866973876953e+01 5.507607650756835938e+01 -1.120600128173828125e+02 1.619784545898437500e+02 1.121071929931640625e+02
1.206223484999999940e+01 5.671775341033935547e+00 -8.210240364074707031e+00 5.792819213867187500e+01 -1.106187973022460938e+02 1.624747467041015625e+02 1.029897308349609375e+02
1.208646571999999964e+01 1.448211073875427246e+00 -4.504005908966064453e+00 5.905791091918945312e+01 -1.125151214599609375e+02 1.635537872314453125e+02 9.501710510253906250e+01
1.211067770000000010e+01 -9.648935198783874512e-01 -6.802846193313598633e-01 6.103819274902343750e+01 -1.124298095703125000e+02 1.625207977294921875e+02 8.562586975097656250e+01
1.213487074000000021e+01 -4.381095886230468750e+00 3.018088340759277344e+00 6.226719284057617188e+01 -1.126866378784179688e+02 1.616481170654296875e+02 7.631009674072265625e+01
1.215904753999999954e+01 -6.527667045593261719e+00 7.022292613983154297e+00 6.457304382324218750e+01 -1.116012649536132812e+02 1.594669952392578125e+02 6.940187072753906250e+01
1.218320532999999983e+01 -9.337903022766113281e+00 1.074068260192871094e+01 6.613301086425781250e+01 -1.129334640502929688e+02 1.592446289062500000e+02 6.324954223632812500e+01
1.220734588999999914e+01 -1.159880161285400391e+01 1.441635227203369141e+01 6.755130767822265625e+01 -1.093256530761718750e+02 1.562886047363281250e+02 5.823680877685546875e+01
1.223146737999999978e+01 -1.465211868286132812e+01 1.798596572875976562e+01 6.865904235839843750e+01 -1.114845504760742188e+02 1.514544677734375000e+02 5.068155670166015625e+01
1.225557067000000089e+01 -1.656553459167480469e+01 2.131558609008789062e+01 6.986151123046875000e+01 -1.093410339355468750e+02 1.486125793457031250e+02 4.635296630859375000e+01
1.227965662000000080e+01 -1.901280021667480469e+01 2.451632118225097656e+01 7.093426513671875000e+01 -1.068756179809570312e+02 1.444209442138671875e+02 4.209491729736328125e+01
1.230372340000000086e+01 -2.044061088562011719e+01 2.684810447692871094e+01 7.118655395507812500e+01 -1.052266769409179688e+02 1.396064300537109375e+02 3.647788238525390625e+01
1.232777186999999941e+01 -2.444792366027832031e+01 3.081030845642089844e+01 7.275126647949218750e+01 -1.040024566650390625e+02 1.362385253906250000e+02 3.405489730834960938e+01
1.235180199999999928e+01 -2.690764236450195312e+01 3.402318954467773438e+01 7.335300445556640625e+01 -1.007768325805664062e+02 1.322964019775390625e+02 3.102278327941894531e+01
1.237581375999999977e+01 -2.837779998779296875e+01 3.675169372558593750e+01 7.453684997558593750e+01 -9.933009338378906250e+01 1.274291763305664062e+02 2.873225212097167969e+01
1.239980802000000004e+01 -3.154060554504394531e+01 4.007812500000000000e+01 7.500112152099609375e+01 -9.602412414550781250e+01 1.252543029785156250e+02 2.657013893127441406e+01
1.242378384999999952e+01 -3.382640838623046875e+01 4.306083679199218750e+01 7.580042266845703125e+01 -9.433510589599609375e+01 1.234144210815429688e+02 2.557194137573242188e+01
1.244774031000000036e+01 -3.586385345458984375e+01 4.585449600219726562e+01 7.643839263916015625e+01 -9.034806823730468750e+01 1.213806610107421875e+02 2.372212791442871094e+01
1.247167738999999997e+01 -3.750190353393554688e+01 4.860776901245117188e+01 7.732762908935546875e+01 -8.747229766845703125e+01 1.211036605834960938e+02 2.243018722534179688e+01
1.249559773000000007e+01 -3.936680984497070312e+01 5.134894561767578125e+01 7.869792175292968750e+01 -8.449246215820312500e+01 1.214854431152343750e+02 2.047240257263183594e+01
1.251949950999999928e+01 -4.190324020385742188e+01 5.395632553100585938e+01 7.895663452148437500e+01 -8.197015380859375000e+01 1.253973617553710938e+02 1.759538078308105469e+01
1.254338182000000046e+01 -4.237739181518554688e+01 5.661545181274414062e+01 8.057723236083984375e+01 -7.527098083496093750e+01 1.288926086425781250e+02 1.397513866424560547e+01
1.256724640999999920e+01 -4.496327590942382812e+01 5.937679290771484375e+01 8.148516845703125000e+01 -7.093166351318359375e+01 1.358847656250000000e+02 7.664122581481933594e+00
1.259109057999999948e+01 -4.655839538574218750e+01 6.157213211059570312e+01 8.253239440917968750e+01 -6.835173797607421875e+01 1.404464416503906250e+02 1.502893447875976562e+00
1.261491876000000012e+01 -4.900870513916015625e+01 6.437974548339843750e+01 8.389247131347656250e+01 -6.412221527099609375e+01 1.424512329101562500e+02 -6.562976837158203125e-01
1.263872646000000088e+01 -5.118580627441406250e+01 6.752861022949218750e+01 8.540107727050781250e+01 -6.200304412841796875e+01 1.427898559570312500e+02 -6.585108757019042969e+00
1.266251543999999996e+01 -5.316051483154296875e+01 7.081082153320312500e+01 8.716734313964843750e+01 -5.893930816650390625e+01 1.408474731445312500e+02 -8.075851440429687500e+00
1.268628477999999937e+01 -5.509827804565429688e+01 7.450214385986328125e+01 8.872922515869140625e+01 -5.746271514892578125e+01 1.401135711669921875e+02 -1.008126258850097656e+01
1.271003624000000087e+01 -5.675952529907226562e+01 7.835802459716796875e+01 9.036122131347656250e+01 -5.599636459350585938e+01 1.379908752441406250e+02 -1.010186958312988281e+01
1.273376979999999925e+01 -5.828811645507812500e+01 8.217585754394531250e+01 9.125726318359375000e+01 -5.495045471191406250e+01 1.371950378417968750e+02 -8.644572257995605469e+00
1.275748364000000024e+01 -5.927579116821289062e+01 8.599174499511718750e+01 9.290543365478515625e+01 -5.326627349853515625e+01 1.369385528564453125e+02 -6.684351444244384766e+00
1.278117864000000026e+01 -6.047790527343750000e+01 9.010449981689453125e+01 9.336313629150390625e+01 -5.039707183837890625e+01 1.364824981689453125e+02 -6.038101196289062500e+00
1.280485565000000037e+01 -6.151582717895507812e+01 9.415777587890625000e+01 9.339101409912109375e+01 -5.060618972778320312e+01 1.380817871093750000e+02 -8.192137718200683594e+00
1.282851465999999974e+01 -6.235942459106445312e+01 9.806339263916015625e+01 9.308195495605468750e+01 -4.723155975341796875e+01 1.359902343750000000e+02 -1.084978103637695312e+01
1.285215297000000056e+01 -6.332277679443359375e+01 1.016959991455078125e+02 9.242692565917968750e+01 -4.375524139404296875e+01 1.339790649414062500e+02 -1.730164337158203125e+01
1.287577059000000013e+01 -6.445050811767578125e+01 1.050027313232421875e+02 9.120396423339843750e+01 -4.339035797119140625e+01 1.324045562744140625e+02 -2.507323455810546875e+01
1.289937276999999938e+01 -6.526556396484375000e+01 1.077392730712890625e+02 9.005721282958984375e+01 -3.848345184326171875e+01 1.247797851562500000e+02 -2.771928787231445312e+01
1.292295421000000033e+01 -6.611246490478515625e+01 1.105213012695312500e+02 8.888395690917968750e+01 -3.609869766235351562e+01 1.192278442382812500e+02 -3.168702697753906250e+01
1.294651664000000046e+01 -6.678479766845703125e+01 1.131350479125976562e+02 8.761032104492187500e+01 -3.446163940429687500e+01 1.138938446044921875e+02 -3.669159698486328125e+01
1.297006005000000073e+01 -6.736296081542968750e+01 1.157865524291992188e+02 8.610280609130859375e+01 -3.131794548034667969e+01 1.071822280883789062e+02 -3.793235397338867188e+01
1.299358529000000040e+01 -6.784645843505859375e+01 1.185425567626953125e+02 8.454530334472656250e+01 -2.890759468078613281e+01 1.004976119995117188e+02 -3.880635833740234375e+01
1.301709147000000044e+01 -6.847208404541015625e+01 1.208178253173828125e+02 8.258171081542968750e+01 -2.809712791442871094e+01 9.332915496826171875e+01 -4.167848205566406250e+01
1.304057768000000017e+01 -6.907714080810546875e+01 1.225578918457031250e+02 7.996490478515625000e+01 -2.789517593383789062e+01 8.165318298339843750e+01 -4.426586532592773438e+01
1.306404479000000052e+01 -6.928211975097656250e+01 1.240948257446289062e+02 7.873746490478515625e+01 -2.625531005859375000e+01 7.021286773681640625e+01 -4.208614349365234375e+01
1.308749189000000079e+01 -6.936817169189453125e+01 1.242129211425781250e+02 7.649948120117187500e+01 -2.858716964721679688e+01 6.059366607666015625e+01 -4.110659027099609375e+01
1.311092249000000010e+01 -6.866291809082031250e+01 1.231588363647460938e+02 7.581359100341796875e+01 -2.838401985168457031e+01 5.047303771972656250e+01 -3.516880798339843750e+01
1.313433129999999949e+01 -6.936053466796875000e+01 1.227510223388671875e+02 7.479602813720703125e+01 -2.862843322753906250e+01 4.275745391845703125e+01 -3.228395843505859375e+01
1.315772180999999996e+01 -7.045700073242187500e+01 1.235993194580078125e+02 7.343015289306640625e+01 -3.034048461914062500e+01 4.020910644531250000e+01 -3.215315246582031250e+01
1.318109487000000080e+01 -7.058905029296875000e+01 1.231670074462890625e+02 7.358214569091796875e+01 -3.010553359985351562e+01 3.587194061279296875e+01 -2.814688873291015625e+01
1.320444610000000019e+01 -7.076622009277343750e+01 1.234764556884765625e+02 7.329090118408203125e+01 -3.053372001647949219e+01 3.378627395629882812e+01 -3.030131912231445312e+01
1.322777984999999923e+01 -7.075543975830078125e+01 1.234249954223632812e+02 7.363803863525390625e+01 -3.146889495849609375e+01 3.013558578491210938e+01 -2.749151229858398438e+01
1.325109261000000060e+01 -7.179212951660156250e+01 1.245185928344726562e+02 7.295310211181640625e+01 -3.152657508850097656e+01 2.946418380737304688e+01 -2.959311485290527344e+01
1.327438873000000008e+01 -7.236366271972656250e+01 1.256906204223632812e+02 7.276387786865234375e+01 -3.006198883056640625e+01 2.619811630249023438e+01 -2.870034217834472656e+01
1.329766294999999943e+01 -7.301990509033203125e+01 1.265254821777343750e+02 7.190048217773437500e+01 -3.035322380065917969e+01 2.485865020751953125e+01 -3.068408966064453125e+01
1.332091963000000057e+01 -7.354153442382812500e+01 1.270366210937500000e+02 7.077624511718750000e+01 -2.942510604858398438e+01 2.195680999755859375e+01 -3.287571716308593750e+01
1.334415700999999999e+01 -7.393548583984375000e+01 1.272224655151367188e+02 6.979212188720703125e+01 -2.960816192626953125e+01 1.893252182006835938e+01 -3.292754745483398438e+01
1.336737418999999960e+01 -7.502961730957031250e+01 1.280542907714843750e+02 6.837873077392578125e+01 -2.819942855834960938e+01 1.918276977539062500e+01 -3.366881179809570312e+01
1.339057204999999939e+01 -7.525139617919921875e+01 1.281116180419921875e+02 6.826985168457031250e+01 -2.816056060791015625e+01 1.755960845947265625e+01 -3.530008316040039062e+01
1.341375142999999959e+01 -7.522945404052734375e+01 1.280616607666015625e+02 6.800010681152343750e+01 -3.037491607666015625e+01 1.492913246154785156e+01 -3.678239822387695312e+01
1.343691057999999927e+01 -7.657431793212890625e+01 1.288892822265625000e+02 6.718680572509765625e+01 -2.886323356628417969e+01 1.374900627136230469e+01 -3.703200531005859375e+01
1.346005122000000043e+01 -7.679084777832031250e+01 1.291451110839843750e+02 6.627102661132812500e+01 -3.090394210815429688e+01 1.136958694458007812e+01 -3.714855194091796875e+01
1.348317074999999932e+01 -7.745979309082031250e+01 1.289259490966796875e+02 6.545919799804687500e+01 -3.026568984985351562e+01 1.042755222320556641e+01 -3.891785430908203125e+01
1.350627262000000073e+01 -7.897483825683593750e+01 1.301254119873046875e+02 6.353908920288085938e+01 -2.895542716979980469e+01 9.432895660400390625e+00 -4.090302658081054688e+01
1.352935420999999927e+01 -7.914895629882812500e+01 1.303055572509765625e+02 6.371125793457031250e+01 -3.019313240051269531e+01 7.578269004821777344e+00 -4.447462844848632812e+01
1.355241724999999953e+01 -8.098654937744140625e+01 1.306088104248046875e+02 6.050312042236328125e+01 -2.805472755432128906e+01 7.842108726501464844e+00 -4.783765792846679688e+01
1.357546085000000069e+01 -8.117137145996093750e+01 1.305575714111328125e+02 5.961360168457031250e+01 -2.918308830261230469e+01 4.911719322204589844e+00 -4.860170364379882812e+01
1.359848329000000078e+01 -8.075379180908203125e+01 1.300265045166015625e+02 5.954752349853515625e+01 -3.185027694702148438e+01 3.648557662963867188e+00 -4.774935150146484375e+01
1.362148799999999937e+01 -8.200582885742187500e+01 1.302049407958984375e+02 5.787918472290039062e+01 -2.953158760070800781e+01 1.473932266235351562e+00 -4.896643066406250000e+01
1.364447239999999972e+01 -8.292044067382812500e+01 1.306002807617187500e+02 5.662368011474609375e+01 -2.817975234985351562e+01 2.074169158935546875e+00 -5.260513305664062500e+01
1.366743817999999955e+01 -8.353483581542968750e+01 1.307167663574218750e+02 5.544148254394531250e+01 -2.827738571166992188e+01 1.375357627868652344e+00 -5.251868820190429688e+01
1.369038276000000032e+01 -8.419741821289062500e+01 1.308562622070312500e+02 5.414634704589843750e+01 -2.683824157714843750e+01 -1.318283081054687500e-01 -5.353981018066406250e+01
1.371330956999999984e+01 -8.464363861083984375e+01 1.309176788330078125e+02 5.269882202148437500e+01 -2.798434066772460938e+01 -7.043342590332031250e-01 -5.642115402221679688e+01
1.371560151999999988e+01 -8.530924987792968750e+01 1.307368011474609375e+02 5.126198959350585938e+01 -2.681533050537109375e+01 -1.493281364440917969e+00 -5.646159362792968750e+01
1.371789155999999998e+01 -8.519804382324218750e+01 1.305782318115234375e+02 5.118435668945312500e+01 -2.686734390258789062e+01 -2.554750442504882812e+00 -5.676713943481445312e+01
1.372018311999999973e+01 -8.538327789306640625e+01 1.306926727294921875e+02 5.102085876464843750e+01 -2.593951416015625000e+01 -4.007616043090820312e+00 -5.700851821899414062e+01
1.372247448999999975e+01 -8.556858062744140625e+01 1.308773956298828125e+02 5.081829452514648438e+01 -2.627168273925781250e+01 -4.055706977844238281e+00 -5.637256240844726562e+01
1.372476565999999920e+01 -8.550416564941406250e+01 1.307343444824218750e+02 5.071712493896484375e+01 -2.623686981201171875e+01 -4.026090621948242188e+00 -5.651970291137695312e+01
1.372705664000000070e+01 -8.559585571289062500e+01 1.306849212646484375e+02 5.057688522338867188e+01 -2.615267753601074219e+01 -4.540122985839843750e+00 -5.653950881958007812e+01
1.372934655999999976e+01 -8.562512207031250000e+01 1.306042633056640625e+02 5.049906921386718750e+01 -2.598423767089843750e+01 -4.696263313293457031e+00 -5.595504379272460938e+01
1.373163543000000075e+01 -8.562314605712890625e+01 1.306172637939453125e+02 5.033531951904296875e+01 -2.577366447448730469e+01 -4.886040687561035156e+00 -5.595644378662109375e+01
1.373392583000000045e+01 -8.569144439697265625e+01 1.305755767822265625e+02 5.012465286254882812e+01 -2.536789131164550781e+01 -5.039557456970214844e+00 -5.596101379394531250e+01
1.373621602000000053e+01 -8.583789825439453125e+01 1.306666870117187500e+02 4.999203872680664062e+01 -2.487740325927734375e+01 -6.244011878967285156e+00 -5.544028472900390625e+01
