6.456227479999999908e+00 6.274310684204101562e+01 -2.550222587585449219e+01 -3.671850891113281250e+02 -2.449445724487304688e+01 -5.269744491577148438e+01 4.545212173461914062e+01
6.482226409999999994e+00 6.204207611083984375e+01 -2.674263763427734375e+01 -3.660755920410156250e+02 -2.419557189941406250e+01 -5.213609313964843750e+01 4.724079895019531250e+01
6.508233849999999876e+00 6.145809173583984375e+01 -2.821345138549804688e+01 -3.646873168945312500e+02 -2.384298896789550781e+01 -5.249946594238281250e+01 4.904844284057617188e+01
6.534250570000000202e+00 6.077652740478515625e+01 -2.944715690612792969e+01 -3.635467529296875000e+02 -2.346059417724609375e+01 -5.237564849853515625e+01 5.049654769897460938e+01
6.560274390000000011e+00 6.025532150268554688e+01 -3.077670860290527344e+01 -3.621343078613281250e+02 -2.278984451293945312e+01 -5.233160400390625000e+01 5.166268539428710938e+01
6.586306079999999952e+00 5.966620254516601562e+01 -3.223268508911132812e+01 -3.606605834960937500e+02 -2.239600372314453125e+01 -5.312056732177734375e+01 5.168345260620117188e+01
6.612346399999999846e+00 5.943529129028320312e+01 -3.392705917358398438e+01 -3.594151916503906250e+02 -2.175233268737792969e+01 -5.483472061157226562e+01 5.152708053588867188e+01
6.638393169999999621e+00 5.912927627563476562e+01 -3.567784500122070312e+01 -3.580494384765625000e+02 -2.112653541564941406e+01 -5.595393753051757812e+01 5.100189971923828125e+01
6.664447169999999865e+00 5.897498321533203125e+01 -3.733093643188476562e+01 -3.566611022949218750e+02 -2.039383316040039062e+01 -5.659140777587890625e+01 5.123717498779296875e+01
6.690508190000000077e+00 5.865953445434570312e+01 -3.901453018188476562e+01 -3.553533325195312500e+02 -1.953833198547363281e+01 -5.710114288330078125e+01 5.137171554565429688e+01
6.716576970000000202e+00 5.825494384765625000e+01 -4.059931564331054688e+01 -3.540881652832031250e+02 -1.899209976196289062e+01 -5.723917388916015625e+01 5.117972946166992188e+01
6.742651369999999922e+00 5.768684768676757812e+01 -4.198477172851562500e+01 -3.530305175781250000e+02 -1.888303184509277344e+01 -5.724474334716796875e+01 5.066351318359375000e+01
6.768732149999999947e+00 5.721005630493164062e+01 -4.347738265991210938e+01 -3.517222290039062500e+02 -1.892361259460449219e+01 -5.740102767944335938e+01 5.019252014160156250e+01
6.794819099999999779e+00 5.653363800048828125e+01 -4.507799911499023438e+01 -3.504092712402343750e+02 -1.912508010864257812e+01 -5.789798736572265625e+01 5.002017593383789062e+01
6.820912980000000125e+00 5.624977874755859375e+01 -4.675255203247070312e+01 -3.493538208007812500e+02 -1.890405273437500000e+01 -5.902190399169921875e+01 4.910849380493164062e+01
6.847012630000000044e+00 5.584514999389648438e+01 -4.833519744873046875e+01 -3.485187377929687500e+02 -1.854551887512207031e+01 -5.947508621215820312e+01 4.819169998168945312e+01
6.873115860000000410e+00 5.544169235229492188e+01 -4.961866760253906250e+01 -3.472867431640625000e+02 -1.812646102905273438e+01 -5.946559906005859375e+01 4.795554733276367188e+01
6.899226389999999931e+00 5.508350372314453125e+01 -5.107598876953125000e+01 -3.462800598144531250e+02 -1.816221237182617188e+01 -5.895381927490234375e+01 4.828383255004882812e+01
6.925341089999999866e+00 5.463406372070312500e+01 -5.284546279907226562e+01 -3.445200805664062500e+02 -1.877720451354980469e+01 -5.871412658691406250e+01 4.838000106811523438e+01
6.951461690000000360e+00 5.403507995605468750e+01 -5.386236190795898438e+01 -3.436437988281250000e+02 -1.948749542236328125e+01 -5.778434753417968750e+01 4.925122451782226562e+01
6.977586050000000206e+00 5.348071670532226562e+01 -5.519057083129882812e+01 -3.422863464355468750e+02 -1.952256393432617188e+01 -5.735671234130859375e+01 4.925144958496093750e+01
7.003714940000000055e+00 5.290903854370117188e+01 -5.655655670166015625e+01 -3.408134765625000000e+02 -1.982899093627929688e+01 -5.661232757568359375e+01 4.981200027465820312e+01
7.029849139999999608e+00 5.233779525756835938e+01 -5.790697860717773438e+01 -3.395950012207031250e+02 -1.992487716674804688e+01 -5.596559143066406250e+01 4.919426727294921875e+01
7.055985510000000183e+00 5.184762954711914062e+01 -5.923715972900390625e+01 -3.381717529296875000e+02 -1.959185600280761719e+01 -5.606610107421875000e+01 4.857621002197265625e+01
7.082127759999999661e+00 5.130004882812500000e+01 -6.103192520141601562e+01 -3.369420166015625000e+02 -1.930433273315429688e+01 -5.622406387329101562e+01 4.839638519287109375e+01
7.108273750000000391e+00 5.089724349975585938e+01 -6.234484481811523438e+01 -3.356101684570312500e+02 -1.866141319274902344e+01 -5.583133697509765625e+01 4.853553771972656250e+01
7.134422279999999894e+00 5.057271575927734375e+01 -6.388988494873046875e+01 -3.339181213378906250e+02 -1.879006195068359375e+01 -5.571183013916015625e+01 4.829017257690429688e+01
7.160574160000000354e+00 5.032712554931640625e+01 -6.561454772949218750e+01 -3.323836364746093750e+02 -1.930028724670410156e+01 -5.576005935668945312e+01 4.747681045532226562e+01
7.186729180000000383e+00 4.959811782836914062e+01 -6.641234588623046875e+01 -3.317575073242187500e+02 -1.975975418090820312e+01 -5.411248779296875000e+01 4.721870422363281250e+01
7.212888119999999681e+00 4.916030120849609375e+01 -6.770980834960937500e+01 -3.303124084472656250e+02 -2.051895332336425781e+01 -5.367561340332031250e+01 4.710308837890625000e+01
7.239048839999999707e+00 4.863717651367187500e+01 -6.919600677490234375e+01 -3.289504089355468750e+02 -2.297645187377929688e+01 -5.284739303588867188e+01 4.799739837646484375e+01
7.265212110000000223e+00 4.807843017578125000e+01 -7.057027435302734375e+01 -3.275257263183593750e+02 -2.388715744018554688e+01 -5.265713119506835938e+01 4.861652755737304688e+01
7.291377759999999597e+00 4.762149047851562500e+01 -7.194636535644531250e+01 -3.261342163085937500e+02 -2.400712966918945312e+01 -5.250637817382812500e+01 4.895072555541992188e+01
7.317546560000000255e+00 4.711534881591796875e+01 -7.329207611083984375e+01 -3.246936035156250000e+02 -2.191169357299804688e+01 -5.172196960449218750e+01 4.933832168579101562e+01
7.343716360000000165e+00 4.664268493652343750e+01 -7.439014434814453125e+01 -3.233326721191406250e+02 -2.031249618530273438e+01 -5.142200469970703125e+01 5.010638046264648438e+01
7.369888949999999994e+00 4.630563354492187500e+01 -7.588181304931640625e+01 -3.217190856933593750e+02 -2.003932189941406250e+01 -5.148116302490234375e+01 5.148833084106445312e+01
7.396062159999999608e+00 4.604497146606445312e+01 -7.706488800048828125e+01 -3.203148498535156250e+02 -1.877819824218750000e+01 -5.119872665405273438e+01 5.260770416259765625e+01
7.422236800000000301e+00 4.573572158813476562e+01 -7.849050140380859375e+01 -3.190333862304687500e+02 -1.635169792175292969e+01 -5.199002075195312500e+01 5.272334289550781250e+01
7.448412669999999736e+00 4.540082931518554688e+01 -7.990863037109375000e+01 -3.179504394531250000e+02 -1.438746166229248047e+01 -5.186999511718750000e+01 5.208779144287109375e+01
7.474590570000000156e+00 4.505413818359375000e+01 -8.139400482177734375e+01 -3.167635192871093750e+02 -1.391412353515625000e+01 -5.177603912353515625e+01 5.088132858276367188e+01
7.500767370000000156e+00 4.471434783935546875e+01 -8.294244384765625000e+01 -3.153594970703125000e+02 -1.560983467102050781e+01 -5.242770004272460938e+01 5.022505187988281250e+01
7.526946820000000038e+00 4.446146011352539062e+01 -8.390072631835937500e+01 -3.146582946777343750e+02 -2.220667076110839844e+01 -5.730039596557617188e+01 5.013791275024414062e+01
7.553126770000000434e+00 4.466866683959960938e+01 -8.540985107421875000e+01 -3.140055541992187500e+02 -2.639793777465820312e+01 -5.927709579467773438e+01 5.062498474121093750e+01
7.579306049999999573e+00 4.455015563964843750e+01 -8.719993591308593750e+01 -3.123285522460937500e+02 -2.680124473571777344e+01 -5.868072891235351562e+01 5.097174072265625000e+01
7.605485469999999637e+00 4.445884704589843750e+01 -8.846267700195312500e+01 -3.116716918945312500e+02 -2.332172584533691406e+01 -5.681194305419921875e+01 5.037694549560546875e+01
7.631664849999999944e+00 4.406230545043945312e+01 -8.978311920166015625e+01 -3.103750305175781250e+02 -1.526191329956054688e+01 -5.319832992553710938e+01 4.797377777099609375e+01
7.657843999999999873e+00 4.368688964843750000e+01 -9.111401367187500000e+01 -3.091053466796875000e+02 -1.378974533081054688e+01 -5.176522827148437500e+01 4.759667205810546875e+01
7.684023729999999830e+00 4.329458618164062500e+01 -9.257484436035156250e+01 -3.083455505371093750e+02 -1.363894844055175781e+01 -5.033429718017578125e+01 4.721871185302734375e+01
7.710202889999999698e+00 4.288048553466796875e+01 -9.374508666992187500e+01 -3.070267639160156250e+02 -1.351998424530029297e+01 -4.887461853027343750e+01 4.708398437500000000e+01
7.736379330000000110e+00 4.243003845214843750e+01 -9.472808837890625000e+01 -3.056729736328125000e+02 -1.346422767639160156e+01 -4.771640014648437500e+01 4.808140563964843750e+01
7.762556810000000418e+00 4.208258819580078125e+01 -9.578711700439453125e+01 -3.042069091796875000e+02 -1.367825508117675781e+01 -4.666524887084960938e+01 4.866838455200195312e+01
7.788733180000000367e+00 4.172795486450195312e+01 -9.675382995605468750e+01 -3.028016052246093750e+02 -1.423270225524902344e+01 -4.494483947753906250e+01 4.877820587158203125e+01
7.814907289999999840e+00 4.134673690795898438e+01 -9.788394927978515625e+01 -3.011140136718750000e+02 -1.551946067810058594e+01 -4.261983871459960938e+01 4.813389587402343750e+01
7.841079960000000071e+00 4.107944488525390625e+01 -9.881967163085937500e+01 -2.996659851074218750e+02 -1.441502475738525391e+01 -4.167584609985351562e+01 4.952523803710937500e+01
7.867251979999999811e+00 4.099994277954101562e+01 -9.980268096923828125e+01 -2.979633789062500000e+02 -1.091246604919433594e+01 -4.218611907958984375e+01 5.160966110229492188e+01
7.893420260000000077e+00 4.100726318359375000e+01 -1.008576812744140625e+02 -2.965065612792968750e+02 -1.005151176452636719e+01 -4.166296005249023438e+01 5.216928482055664062e+01
7.919589509999999777e+00 4.090164947509765625e+01 -1.019412231445312500e+02 -2.951166992187500000e+02 -9.651221275329589844e+00 -4.123222732543945312e+01 5.317133712768554688e+01
7.945754680000000292e+00 4.065281295776367188e+01 -1.030093460083007812e+02 -2.936325073242187500e+02 -9.344376564025878906e+00 -4.084966278076171875e+01 5.400111007690429688e+01
7.971917549999999686e+00 4.045133209228515625e+01 -1.041012496948242188e+02 -2.922648010253906250e+02 -9.022884368896484375e+00 -3.992906188964843750e+01 5.467867279052734375e+01
7.998077959999999820e+00 4.004140090942382812e+01 -1.047687530517578125e+02 -2.909011535644531250e+02 -8.870878219604492188e+00 -3.859808731079101562e+01 5.526469421386718750e+01
8.024235739999999950e+00 3.995484161376953125e+01 -1.062927246093750000e+02 -2.893639221191406250e+02 -9.378186225891113281e+00 -3.746762466430664062e+01 5.518590545654296875e+01
8.050391709999999534e+00 3.965443801879882812e+01 -1.072734451293945312e+02 -2.878103027343750000e+02 -1.041547966003417969e+01 -3.659562683105468750e+01 5.532747650146484375e+01
8.076543739999999971e+00 3.909389877319335938e+01 -1.076273422241210938e+02 -2.868159790039062500e+02 -1.137690734863281250e+01 -3.581465911865234375e+01 5.594542312622070312e+01
8.102692649999999830e+00 3.845541381835937500e+01 -1.086136550903320312e+02 -2.852955932617187500e+02 -1.270533370971679688e+01 -3.592282104492187500e+01 5.597162628173828125e+01
8.128838280000000083e+00 3.793297195434570312e+01 -1.097881164550781250e+02 -2.839784851074218750e+02 -1.406258201599121094e+01 -3.659823226928710938e+01 5.616769409179687500e+01
8.154981449999999299e+00 3.726241683959960938e+01 -1.109120788574218750e+02 -2.824962463378906250e+02 -1.506332015991210938e+01 -3.657863998413085938e+01 5.640808105468750000e+01
8.181120039999999705e+00 3.668832015991210938e+01 -1.118748016357421875e+02 -2.807724304199218750e+02 -1.543472480773925781e+01 -3.588380050659179688e+01 5.722976684570312500e+01
8.207255840000000191e+00 3.620640945434570312e+01 -1.126097717285156250e+02 -2.791672973632812500e+02 -1.514730262756347656e+01 -3.481759643554687500e+01 5.862924957275390625e+01
8.233386749999999310e+00 3.582746887207031250e+01 -1.134931106567382812e+02 -2.772384033203125000e+02 -1.460008621215820312e+01 -3.382499694824218750e+01 6.012746810913085938e+01
8.259513580000000132e+00 3.545125579833984375e+01 -1.142683029174804688e+02 -2.755945129394531250e+02 -1.399241638183593750e+01 -3.294223022460937500e+01 6.155816650390625000e+01
8.285636179999999129e+00 3.516896438598632812e+01 -1.151067123413085938e+02 -2.739391784667968750e+02 -1.367587947845458984e+01 -3.185510826110839844e+01 6.313876342773437500e+01
8.311754390000000825e+00 3.476303482055664062e+01 -1.157854232788085938e+02 -2.722317810058593750e+02 -1.349052143096923828e+01 -3.073320388793945312e+01 6.426303100585937500e+01
8.337869039999999288e+00 3.430381774902343750e+01 -1.165475006103515625e+02 -2.705483398437500000e+02 -1.376982307434082031e+01 -2.986879920959472656e+01 6.512393188476562500e+01
8.363978010000000296e+00 3.371951675415039062e+01 -1.171333770751953125e+02 -2.688074645996093750e+02 -1.414029216766357422e+01 -2.910816192626953125e+01 6.618896484375000000e+01
8.390083110000000843e+00 3.321377182006835938e+01 -1.178485641479492188e+02 -2.669424133300781250e+02 -1.488331317901611328e+01 -2.896923255920410156e+01 6.677417755126953125e+01
8.416182239999999481e+00 3.262316131591796875e+01 -1.185248336791992188e+02 -2.650497131347656250e+02 -1.557379531860351562e+01 -2.860668182373046875e+01 6.769075012207031250e+01
8.442277199999999482e+00 3.209607696533203125e+01 -1.192183990478515625e+02 -2.631755065917968750e+02 -1.582820129394531250e+01 -2.833563232421875000e+01 6.884445190429687500e+01
8.468365880000000345e+00 3.160726165771484375e+01 -1.200118026733398438e+02 -2.612530517578125000e+02 -1.586890602111816406e+01 -2.882349014282226562e+01 6.976136016845703125e+01
8.494449109999999692e+00 3.113119316101074219e+01 -1.208437576293945312e+02 -2.594162902832031250e+02 -1.583821010589599609e+01 -2.888466644287109375e+01 7.045939636230468750e+01
8.520526750000000149e+00 3.070421981811523438e+01 -1.217508010864257812e+02 -2.573399658203125000e+02 -1.611286544799804688e+01 -2.934247207641601562e+01 7.065788269042968750e+01
8.546599620000000286e+00 3.047714424133300781e+01 -1.227230300903320312e+02 -2.554581298828125000e+02 -1.608931922912597656e+01 -2.989595794677734375e+01 7.099771118164062500e+01
8.572665629999999481e+00 3.017583274841308594e+01 -1.236933517456054688e+02 -2.534291534423828125e+02 -1.574231243133544922e+01 -3.051910781860351562e+01 7.102961730957031250e+01
8.598725610000000685e+00 2.995091438293457031e+01 -1.249588012695312500e+02 -2.516846313476562500e+02 -1.544828796386718750e+01 -3.076842880249023438e+01 7.070491027832031250e+01
8.624779410000000368e+00 2.955214881896972656e+01 -1.256175384521484375e+02 -2.496937255859375000e+02 -1.548967456817626953e+01 -3.050327110290527344e+01 7.063117218017578125e+01
8.650827870000000530e+00 2.903592872619628906e+01 -1.266027297973632812e+02 -2.479628601074218750e+02 -1.649133491516113281e+01 -2.987712860107421875e+01 7.085314178466796875e+01
8.676868900000000551e+00 2.862191390991210938e+01 -1.274494094848632812e+02 -2.458324127197265625e+02 -1.703366851806640625e+01 -2.906848526000976562e+01 7.122962951660156250e+01
8.702904289999999321e+00 2.810036849975585938e+01 -1.281566162109375000e+02 -2.440522308349609375e+02 -1.789534950256347656e+01 -2.816729736328125000e+01 7.170390319824218750e+01
8.728931969999999652e+00 2.740724372863769531e+01 -1.288657379150390625e+02 -2.421975402832031250e+02 -1.861200714111328125e+01 -2.740617561340332031e+01 7.272377014160156250e+01
8.754952779999999990e+00 2.674226379394531250e+01 -1.294181671142578125e+02 -2.401357879638671875e+02 -1.930587768554687500e+01 -2.630115890502929688e+01 7.361093902587890625e+01
8.780966559999999532e+00 2.601554870605468750e+01 -1.301148376464843750e+02 -2.379503173828125000e+02 -1.935490417480468750e+01 -2.476880264282226562e+01 7.477790832519531250e+01
8.806974159999999330e+00 2.557197952270507812e+01 -1.307389984130859375e+02 -2.358847656250000000e+02 -1.883869361877441406e+01 -2.354999160766601562e+01 7.631320953369140625e+01
8.832972520000000216e+00 2.511007308959960938e+01 -1.314658203125000000e+02 -2.338229064941406250e+02 -1.800392150878906250e+01 -2.230013465881347656e+01 7.836712646484375000e+01
8.858966369999999202e+00 2.469909477233886719e+01 -1.319917907714843750e+02 -2.316794281005859375e+02 -1.711448097229003906e+01 -2.099257278442382812e+01 7.943713378906250000e+01
8.884950720000000857e+00 2.441431236267089844e+01 -1.325401916503906250e+02 -2.297373962402343750e+02 -1.647379875183105469e+01 -1.982696914672851562e+01 7.989846038818359375e+01
8.910927369999999570e+00 2.398316764831542969e+01 -1.332022857666015625e+02 -2.278910217285156250e+02 -1.688577270507812500e+01 -1.811127471923828125e+01 8.027043914794921875e+01
8.936896190000000573e+00 2.339928436279296875e+01 -1.337209472656250000e+02 -2.259154052734375000e+02 -1.720088768005371094e+01 -1.685304832458496094e+01 8.127273559570312500e+01
8.962858029999999587e+00 2.285552787780761719e+01 -1.340035247802734375e+02 -2.236911468505859375e+02 -1.757226181030273438e+01 -1.535421657562255859e+01 8.301567077636718750e+01
8.988810799999999546e+00 2.228742027282714844e+01 -1.343130187988281250e+02 -2.216270141601562500e+02 -1.790553665161132812e+01 -1.365783882141113281e+01 8.528365325927734375e+01
9.014755349999999723e+00 2.147293090820312500e+01 -1.342978057861328125e+02 -2.194048614501953125e+02 -1.869993209838867188e+01 -1.162336826324462891e+01 8.811433410644531250e+01
9.040692529999999394e+00 2.070327377319335938e+01 -1.344600982666015625e+02 -2.168121490478515625e+02 -1.887014961242675781e+01 -1.085444355010986328e+01 9.103601837158203125e+01
9.066620249999999714e+00 2.015819168090820312e+01 -1.346923828125000000e+02 -2.141835021972656250e+02 -1.845069694519042969e+01 -9.671654701232910156e+00 9.309965515136718750e+01
9.092539379999999838e+00 1.961584281921386719e+01 -1.348861694335937500e+02 -2.116059112548828125e+02 -1.786078643798828125e+01 -8.305613517761230469e+00 9.488773345947265625e+01
9.118450740000000110e+00 1.910903930664062500e+01 -1.349374542236328125e+02 -2.089761047363281250e+02 -1.733763504028320312e+01 -6.857445716857910156e+00 9.640918731689453125e+01
9.144352279999999666e+00 1.867087936401367188e+01 -1.348452453613281250e+02 -2.063102111816406250e+02 -1.670840072631835938e+01 -5.527115821838378906e+00 9.756261444091796875e+01
9.170244840000000508e+00 1.824699020385742188e+01 -1.348883819580078125e+02 -2.037946319580078125e+02 -1.609776306152343750e+01 -4.928537368774414062e+00 9.853202819824218750e+01
9.196129259999999306e+00 1.768902015686035156e+01 -1.349743041992187500e+02 -2.011500549316406250e+02 -1.547843551635742188e+01 -4.993794441223144531e+00 9.965140533447265625e+01
9.222003490000000525e+00 1.707873344421386719e+01 -1.352521057128906250e+02 -1.983150177001953125e+02 -1.540337371826171875e+01 -5.295484542846679688e+00 1.022759246826171875e+02
9.247867409999999566e+00 1.652627372741699219e+01 -1.353972473144531250e+02 -1.957910614013671875e+02 -1.582315731048583984e+01 -4.556009292602539062e+00 1.020828247070312500e+02
9.273723790000000022e+00 1.601543807983398438e+01 -1.354586029052734375e+02 -1.932426147460937500e+02 -1.558921432495117188e+01 -4.779525756835937500e+00 1.037407684326171875e+02
9.299569619999999759e+00 1.571852588653564453e+01 -1.357130737304687500e+02 -1.906252746582031250e+02 -1.651695442199707031e+01 -4.719505310058593750e+00 1.046435165405273438e+02
9.325406720000000149e+00 1.529222202301025391e+01 -1.358783416748046875e+02 -1.879831085205078125e+02 -1.554553222656250000e+01 -4.682035446166992188e+00 1.056173095703125000e+02
9.351233020000000451e+00 1.485828018188476562e+01 -1.360652923583984375e+02 -1.852046203613281250e+02 -1.745459365844726562e+01 -4.866527557373046875e+00 1.067015991210937500e+02
9.377049380000000767e+00 1.439990615844726562e+01 -1.361455841064453125e+02 -1.826240997314453125e+02 -1.644554901123046875e+01 -4.732059478759765625e+00 1.083580932617187500e+02
9.402856639999999544e+00 1.367622852325439453e+01 -1.363648223876953125e+02 -1.797223205566406250e+02 -1.799870491027832031e+01 -4.899450302124023438e+00 1.096906509399414062e+02
9.428653739999999672e+00 1.336998653411865234e+01 -1.364490509033203125e+02 -1.769405212402343750e+02 -1.867654800415039062e+01 -3.795538902282714844e+00 1.112320251464843750e+02
9.454439580000000731e+00 1.289918422698974609e+01 -1.365097961425781250e+02 -1.739309234619140625e+02 -1.919807434082031250e+01 -2.599843025207519531e+00 1.120114593505859375e+02
9.480215019999999271e+00 1.243180274963378906e+01 -1.364286193847656250e+02 -1.708273925781250000e+02 -1.959916114807128906e+01 -1.442349433898925781e+00 1.131776733398437500e+02
9.505979950000000400e+00 1.190010356903076172e+01 -1.365094909667968750e+02 -1.680190734863281250e+02 -2.033547019958496094e+01 -6.285562515258789062e-01 1.143680877685546875e+02
9.531734260000000347e+00 1.123009586334228516e+01 -1.364932098388671875e+02 -1.650552368164062500e+02 -2.088313484191894531e+01 7.032041549682617188e-01 1.155004425048828125e+02
9.557478789999999336e+00 1.043222427368164062e+01 -1.367761535644531250e+02 -1.613506011962890625e+02 -2.066125106811523438e+01 2.609902381896972656e+00 1.172134628295898438e+02
9.583211520000000760e+00 9.693284988403320312e+00 -1.356093444824218750e+02 -1.597373809814453125e+02 -1.901420783996582031e+01 4.817053794860839844e+00 1.181113433837890625e+02
9.608933289999999516e+00 9.059266090393066406e+00 -1.356325988769531250e+02 -1.565087890625000000e+02 -1.162823581695556641e+01 8.164958000183105469e+00 1.216126403808593750e+02
9.634643990000000713e+00 8.262502670288085938e+00 -1.356146697998046875e+02 -1.534073181152343750e+02 -9.145565986633300781e+00 8.656188011169433594e+00 1.221622924804687500e+02
9.660343530000000456e+00 7.679637908935546875e+00 -1.354923858642578125e+02 -1.504396514892578125e+02 -7.894953727722167969e+00 9.155843734741210938e+00 1.281898345947265625e+02
9.686032759999999797e+00 6.996665477752685547e+00 -1.350987243652343750e+02 -1.477328643798828125e+02 -1.624244117736816406e+01 8.387783050537109375e+00 1.236148376464843750e+02
9.711709629999999649e+00 6.540555000305175781e+00 -1.354607543945312500e+02 -1.440416412353515625e+02 -1.971101570129394531e+01 8.077192306518554688e+00 1.249300537109375000e+02
9.737375990000000314e+00 5.846250057220458984e+00 -1.355926818847656250e+02 -1.405519256591796875e+02 -2.099905395507812500e+01 8.945472717285156250e+00 1.278274917602539062e+02
9.763030750000000424e+00 5.189291477203369141e+00 -1.356777496337890625e+02 -1.370053710937500000e+02 -2.238384437561035156e+01 8.007509231567382812e+00 1.289484863281250000e+02
9.788671900000000647e+00 4.442675590515136719e+00 -1.355767974853515625e+02 -1.337488250732421875e+02 -2.212575721740722656e+01 9.944705009460449219e+00 1.261245727539062500e+02
9.814303170000000520e+00 3.849323034286499023e+00 -1.353118286132812500e+02 -1.302219085693359375e+02 -2.227495765686035156e+01 1.099517345428466797e+01 1.267317428588867188e+02
9.839921580000000390e+00 3.311480045318603516e+00 -1.353291473388671875e+02 -1.269691162109375000e+02 -2.190941429138183594e+01 1.222235584259033203e+01 1.271654586791992188e+02
9.865527999999999409e+00 2.782941818237304688e+00 -1.352928924560546875e+02 -1.237361145019531250e+02 -2.144298553466796875e+01 1.400377178192138672e+01 1.285164947509765625e+02
9.891123269999999579e+00 2.211273431777954102e+00 -1.349343566894531250e+02 -1.205581665039062500e+02 -2.109993362426757812e+01 1.527131938934326172e+01 1.273620910644531250e+02
9.916706350000000114e+00 1.695611000061035156e+00 -1.346256713867187500e+02 -1.177572555541992188e+02 -2.133214378356933594e+01 1.768458557128906250e+01 1.287560424804687500e+02
9.942275220000000857e+00 1.072265625000000000e+00 -1.341621093750000000e+02 -1.147031250000000000e+02 -2.112295722961425781e+01 1.902025222778320312e+01 1.281396942138671875e+02
9.967832659999999123e+00 4.991043210029602051e-01 -1.335603179931640625e+02 -1.116525726318359375e+02 -2.084955406188964844e+01 2.257683181762695312e+01 1.279321594238281250e+02
9.993379519999999516e+00 -1.353378742933273315e-01 -1.326311187744140625e+02 -1.084115219116210938e+02 -2.012095069885253906e+01 2.688963317871093750e+01 1.324091033935546875e+02
1.001891093000000055e+01 -6.486365199089050293e-01 -1.315729827880859375e+02 -1.052029495239257812e+02 -2.006238746643066406e+01 3.076247406005859375e+01 1.344324798583984375e+02
1.004443157000000042e+01 -1.110917568206787109e+00 -1.304618988037109375e+02 -1.017966842651367188e+02 -1.892959976196289062e+01 3.473919296264648438e+01 1.362708587646484375e+02
1.006993849000000019e+01 -1.533688306808471680e+00 -1.294752807617187500e+02 -9.842252349853515625e+01 -2.026348114013671875e+01 3.427553176879882812e+01 1.366456756591796875e+02
1.009543348999999957e+01 -1.786138892173767090e+00 -1.284121093750000000e+02 -9.506294250488281250e+01 -1.813356971740722656e+01 3.715758514404296875e+01 1.348983764648437500e+02
1.012091363000000044e+01 -2.170456886291503906e+00 -1.277536773681640625e+02 -9.145056152343750000e+01 -1.692419433593750000e+01 4.003683471679687500e+01 1.406504058837890625e+02
1.014638262999999974e+01 -2.472942590713500977e+00 -1.268172607421875000e+02 -8.802483367919921875e+01 -1.658815765380859375e+01 4.025802993774414062e+01 1.413365173339843750e+02
1.017183754000000029e+01 -2.824442625045776367e+00 -1.259295425415039062e+02 -8.435111236572265625e+01 -1.621595954895019531e+01 4.316501235961914062e+01 1.401314849853515625e+02
1.019727920999999959e+01 -3.356899499893188477e+00 -1.248335800170898438e+02 -8.082289123535156250e+01 -1.731813621520996094e+01 4.665830993652343750e+01 1.428238830566406250e+02
1.022270853000000024e+01 -3.879553079605102539e+00 -1.237499465942382812e+02 -7.718931579589843750e+01 -1.741941833496093750e+01 4.836023712158203125e+01 1.415937042236328125e+02
1.024812348000000028e+01 -4.278164863586425781e+00 -1.222942276000976562e+02 -7.353997039794921875e+01 -1.766067314147949219e+01 5.195140838623046875e+01 1.439538269042968750e+02
1.027352589000000016e+01 -4.606140136718750000e+00 -1.208554840087890625e+02 -6.980258941650390625e+01 -1.779624176025390625e+01 5.300079345703125000e+01 1.475600128173828125e+02
1.029891281999999997e+01 -5.019904136657714844e+00 -1.193856353759765625e+02 -6.607328033447265625e+01 -1.531852054595947266e+01 5.811216354370117188e+01 1.493845520019531250e+02
1.032428894000000064e+01 -5.465565681457519531e+00 -1.175761718750000000e+02 -6.245497131347656250e+01 -1.658325195312500000e+01 6.235000610351562500e+01 1.462693328857421875e+02
1.034964845000000011e+01 -5.852433204650878906e+00 -1.161338424682617188e+02 -5.870002746582031250e+01 -1.533321571350097656e+01 6.684830474853515625e+01 1.484640197753906250e+02
1.037499509000000053e+01 -6.259057044982910156e+00 -1.137679214477539062e+02 -5.514769363403320312e+01 -1.500463676452636719e+01 6.934911346435546875e+01 1.485617523193359375e+02
1.040032874999999990e+01 -6.503047466278076172e+00 -1.125410461425781250e+02 -5.130046844482421875e+01 -1.753315925598144531e+01 6.963941955566406250e+01 1.494518890380859375e+02
1.042564746000000042e+01 -6.930856704711914062e+00 -1.116556777954101562e+02 -4.747972106933593750e+01 -1.687610054016113281e+01 7.348239898681640625e+01 1.472389526367187500e+02
1.045095303000000087e+01 -7.458088397979736328e+00 -1.088783187866210938e+02 -4.403998184204101562e+01 -1.554677486419677734e+01 7.628395843505859375e+01 1.520151367187500000e+02
1.047624255000000026e+01 -7.791550636291503906e+00 -1.067497558593750000e+02 -4.030429077148437500e+01 -1.575209808349609375e+01 8.574378967285156250e+01 1.473837280273437500e+02
1.050151877000000056e+01 -8.175370216369628906e+00 -1.045748214721679688e+02 -3.685356140136718750e+01 -1.724131584167480469e+01 8.852674102783203125e+01 1.515290527343750000e+02
1.052678161999999951e+01 -8.609848022460937500e+00 -1.021197967529296875e+02 -3.294603347778320312e+01 -1.506440448760986328e+01 9.374102783203125000e+01 1.529793548583984375e+02
1.055203005999999988e+01 -9.002911567687988281e+00 -9.966629028320312500e+01 -2.909627723693847656e+01 -1.375417232513427734e+01 9.781451416015625000e+01 1.506642150878906250e+02
1.057726307000000077e+01 -9.311106681823730469e+00 -9.693670654296875000e+01 -2.539729309082031250e+01 -1.477722549438476562e+01 1.023589782714843750e+02 1.478164062500000000e+02
1.060248153000000038e+01 -9.620471954345703125e+00 -9.428186798095703125e+01 -2.159659957885742188e+01 -1.358030605316162109e+01 1.077369155883789062e+02 1.492156677246093750e+02
1.062768628999999976e+01 -1.005491065979003906e+01 -9.167130279541015625e+01 -1.807777595520019531e+01 -1.399305629730224609e+01 1.136507568359375000e+02 1.465121307373046875e+02
1.065287541000000004e+01 -1.047239494323730469e+01 -8.857151031494140625e+01 -1.442049407958984375e+01 -1.269442272186279297e+01 1.199619445800781250e+02 1.485885467529296875e+02
1.067804972999999968e+01 -1.080438804626464844e+01 -8.554562377929687500e+01 -1.087903022766113281e+01 -1.372904586791992188e+01 1.299967193603515625e+02 1.467751464843750000e+02
1.070321013999999948e+01 -1.124358081817626953e+01 -8.218907928466796875e+01 -7.105144977569580078e+00 -1.078192710876464844e+01 1.350563507080078125e+02 1.441490173339843750e+02
1.072835466999999987e+01 -1.152831459045410156e+01 -7.859986877441406250e+01 -3.316107749938964844e+00 -1.156276512145996094e+01 1.402932281494140625e+02 1.453931884765625000e+02
1.075348420000000083e+01 -1.169520092010498047e+01 -7.464528656005859375e+01 8.134703338146209717e-02 -8.554407119750976562e+00 1.454875335693359375e+02 1.419262695312500000e+02
1.077859864999999928e+01 -1.171845245361328125e+01 -7.105683135986328125e+01 3.812102079391479492e+00 -6.084947586059570312e+00 1.539426727294921875e+02 1.427843780517578125e+02
1.080369888999999972e+01 -1.178567790985107422e+01 -6.701377105712890625e+01 7.369190216064453125e+00 -4.298890590667724609e+00 1.609920196533203125e+02 1.420682983398437500e+02
1.082878297000000067e+01 -1.185308074951171875e+01 -6.268346786499023438e+01 1.085850429534912109e+01 -3.102837085723876953e+00 1.696825714111328125e+02 1.393062438964843750e+02
1.085385175999999952e+01 -1.182604694366455078e+01 -5.820938110351562500e+01 1.447508144378662109e+01 -1.939508199691772461e+00 1.777832794189453125e+02 1.383432464599609375e+02
1.087890613000000073e+01 -1.195680809020996094e+01 -5.303463363647460938e+01 1.761290931701660156e+01 -3.198315620422363281e+00 1.891467895507812500e+02 1.332527313232421875e+02
1.090394507000000068e+01 -1.200567340850830078e+01 -4.796570587158203125e+01 2.082629776000976562e+01 2.279188394546508789e+00 1.959710998535156250e+02 1.303673553466796875e+02
1.092896758000000013e+01 -1.191505718231201172e+01 -4.331421661376953125e+01 2.435036849975585938e+01 4.267362594604492188e+00 2.031922912597656250e+02 1.184451446533203125e+02
1.095397451999999916e+01 -1.185578060150146484e+01 -3.774142837524414062e+01 2.690912437438964844e+01 6.373108386993408203e+00 2.134030303955078125e+02 1.118383712768554688e+02
1.097896584000000075e+01 -1.164331150054931641e+01 -3.204458236694335938e+01 2.961146354675292969e+01 6.180554389953613281e+00 2.236320800781250000e+02 1.014420623779296875e+02
1.100394239000000063e+01 -1.143630599975585938e+01 -2.621032714843750000e+01 3.204973602294921875e+01 1.157751369476318359e+01 2.279003906250000000e+02 8.798508453369140625e+01
1.102890224999999980e+01 -1.107493972778320312e+01 -1.986071777343750000e+01 3.407526397705078125e+01 1.469620704650878906e+01 2.335767669677734375e+02 7.320619964599609375e+01
1.105384628999999919e+01 -1.018672847747802734e+01 -1.249956512451171875e+01 3.588419342041015625e+01 1.882489395141601562e+01 2.417889251708984375e+02 6.231042861938476562e+01
1.107877444000000011e+01 -9.834196090698242188e+00 -6.887789249420166016e+00 3.680120849609375000e+01 2.107267951965332031e+01 2.419265747070312500e+02 4.211655807495117188e+01
1.110368850000000052e+01 -9.229386329650878906e+00 -3.987609446048736572e-01 3.781154251098632812e+01 2.358956527709960938e+01 2.453797760009765625e+02 2.560960769653320312e+01
1.112858282000000010e+01 -8.454618453979492188e+00 6.347407817840576172e+00 3.827132415771484375e+01 2.903919219970703125e+01 2.444610748291015625e+02 9.810753822326660156e+00
1.115346480000000007e+01 -7.605767250061035156e+00 1.220925807952880859e+01 3.852598953247070312e+01 2.643427276611328125e+01 2.392841949462890625e+02 -7.663681983947753906e+00
1.117832877000000025e+01 -6.074343681335449219e+00 1.963326072692871094e+01 3.800507736206054688e+01 3.627077102661132812e+01 2.362843017578125000e+02 -1.981678771972656250e+01
1.120317655000000023e+01 -5.165667057037353516e+00 2.487557029724121094e+01 3.678188323974609375e+01 3.526996994018554688e+01 2.264982452392578125e+02 -4.220278930664062500e+01
1.122800900000000013e+01 -4.032668113708496094e+00 3.044956779479980469e+01 3.535240936279296875e+01 4.147589874267578125e+01 2.177462005615234375e+02 -5.174408721923828125e+01
1.125282327999999943e+01 -2.966858863830566406e+00 3.586255645751953125e+01 3.360488128662109375e+01 4.465655899047851562e+01 2.085809783935546875e+02 -5.866905975341796875e+01
1.127762305000000076e+01 -1.890425920486450195e+00 4.080712509155273438e+01 3.160922431945800781e+01 4.412780761718750000e+01 1.973294982910156250e+02 -7.106234741210937500e+01
1.130240638000000075e+01 -8.229250311851501465e-01 4.530006408691406250e+01 2.939017868041992188e+01 4.483818435668945312e+01 1.823732452392578125e+02 -7.987201690673828125e+01
1.132717137999999935e+01 2.617436349391937256e-01 4.967239761352539062e+01 2.692687606811523438e+01 4.605963134765625000e+01 1.725171203613281250e+02 -8.460956573486328125e+01
1.135192261000000080e+01 1.409546732902526855e+00 5.357588958740234375e+01 2.427042770385742188e+01 4.732563400268554688e+01 1.644950256347656250e+02 -9.401113891601562500e+01
1.137665445999999925e+01 2.371217966079711914e+00 5.692893600463867188e+01 2.209633636474609375e+01 4.272748565673828125e+01 1.491510925292968750e+02 -1.003561019897460938e+02
1.140137151000000060e+01 3.547111272811889648e+00 6.039302444458007812e+01 1.955846977233886719e+01 4.242517852783203125e+01 1.364048614501953125e+02 -1.026178436279296875e+02
1.142607092000000080e+01 4.516446113586425781e+00 6.317090225219726562e+01 1.699766159057617188e+01 3.870722579956054688e+01 1.245968246459960938e+02 -1.048208312988281250e+02
1.145075356999999983e+01 5.429961204528808594e+00 6.574745178222656250e+01 1.446668529510498047e+01 3.806495666503906250e+01 1.111032867431640625e+02 -1.041011047363281250e+02
1.147542033000000039e+01 6.128483772277832031e+00 6.793616485595703125e+01 1.203194713592529297e+01 3.776649475097656250e+01 1.001904296875000000e+02 -1.045037765502929688e+02
1.150006838000000009e+01 7.055035591125488281e+00 6.993370056152343750e+01 9.747088432312011719e+00 3.647489929199218750e+01 8.511299896240234375e+01 -1.044048309326171875e+02
1.152470042999999933e+01 7.978378772735595703e+00 7.164597320556640625e+01 7.473502159118652344e+00 3.625288009643554688e+01 7.387403869628906250e+01 -1.040846405029296875e+02
1.154931642999999930e+01 8.984996795654296875e+00 7.316449737548828125e+01 5.197987079620361328e+00 3.723689651489257812e+01 6.190046691894531250e+01 -1.062941894531250000e+02
1.157391357000000021e+01 9.968650817871093750e+00 7.448149108886718750e+01 3.187301158905029297e+00 3.200903320312500000e+01 5.272172546386718750e+01 -1.024437026977539062e+02
1.159849731999999989e+01 1.077553939819335938e+01 7.536196899414062500e+01 1.035467267036437988e+00 3.204791259765625000e+01 4.272046661376953125e+01 -1.024933242797851562e+02
1.162306026000000081e+01 1.153182220458984375e+01 7.636569213867187500e+01 -8.232235312461853027e-01 2.886293029785156250e+01 4.020818710327148438e+01 -1.013508911132812500e+02
1.164760695999999918e+01 1.214332485198974609e+01 7.696360015869140625e+01 -3.010686397552490234e+00 2.677709960937500000e+01 2.474581718444824219e+01 -9.258241271972656250e+01
1.167213734999999986e+01 1.264281368255615234e+01 7.765052795410156250e+01 -4.816629886627197266e+00 2.573293685913085938e+01 1.541995906829833984e+01 -8.926542663574218750e+01
1.169664956999999994e+01 1.312388038635253906e+01 7.798950195312500000e+01 -6.676353454589843750e+00 2.337732505798339844e+01 8.798389434814453125e+00 -8.418210601806640625e+01
1.172114447000000048e+01 1.359315299987792969e+01 7.820108032226562500e+01 -8.347382545471191406e+00 1.943075942993164062e+01 4.667395114898681641e+00 -8.315454864501953125e+01
1.174562200999999995e+01 1.406406784057617188e+01 7.828457641601562500e+01 -1.010559368133544922e+01 1.593425655364990234e+01 -5.403007030487060547e+00 -8.208315277099609375e+01
1.177008305999999926e+01 1.430652809143066406e+01 7.800238800048828125e+01 -1.164689445495605469e+01 1.375090217590332031e+01 -1.245022487640380859e+01 -7.661553192138671875e+01
1.179452573999999920e+01 1.449554634094238281e+01 7.769829559326171875e+01 -1.318023490905761719e+01 1.082358741760253906e+01 -1.765896797180175781e+01 -7.422708129882812500e+01
1.181895276000000017e+01 1.460365295410156250e+01 7.717520904541015625e+01 -1.469195461273193359e+01 1.062033081054687500e+01 -1.909369087219238281e+01 -6.942678833007812500e+01
1.184335950000000004e+01 1.473927688598632812e+01 7.663607025146484375e+01 -1.605941581726074219e+01 8.209071159362792969e+00 -2.742943000793457031e+01 -6.783570098876953125e+01
1.186774957000000086e+01 1.499119281768798828e+01 7.594447326660156250e+01 -1.741814422607421875e+01 6.496304035186767578e+00 -3.089621734619140625e+01 -6.270376968383789062e+01
1.189212292999999931e+01 1.499122905731201172e+01 7.505859375000000000e+01 -1.866561698913574219e+01 4.765089035034179688e+00 -3.801706314086914062e+01 -6.420351409912109375e+01
1.191647769999999973e+01 1.506643104553222656e+01 7.425794219970703125e+01 -1.993804740905761719e+01 3.979383945465087891e+00 -4.184149932861328125e+01 -6.256485748291015625e+01
1.194081386000000045e+01 1.517607879638671875e+01 7.339903259277343750e+01 -2.106417846679687500e+01 1.696169495582580566e+00 -4.923999404907226562e+01 -5.937536239624023438e+01
1.196513408999999939e+01 1.535469722747802734e+01 7.229618072509765625e+01 -2.225607109069824219e+01 2.657972574234008789e+00 -5.583610534667968750e+01 -5.698046875000000000e+01
1.198943651999999993e+01 1.545818710327148438e+01 7.096181488037109375e+01 -2.360348892211914062e+01 3.094286441802978516e+00 -5.894884109497070312e+01 -5.773670959472656250e+01
1.201372111999999959e+01 1.523114109039306641e+01 6.928446197509765625e+01 -2.479023170471191406e+01 -1.734007596969604492e-01 -7.088624572753906250e+01 -5.212109375000000000e+01
1.203798693999999969e+01 1.514126014709472656e+01 6.780081176757812500e+01 -2.578087806701660156e+01 -3.561095237731933594e+00 -7.323928833007812500e+01 -5.163106918334960938e+01
1.206223484999999940e+01 1.500945377349853516e+01 6.602085113525390625e+01 -2.692018127441406250e+01 -6.351832389831542969e+00 -7.806356048583984375e+01 -4.780169296264648438e+01
1.208646571999999964e+01 1.489786529541015625e+01 6.406774902343750000e+01 -2.833366203308105469e+01 -8.481059074401855469e+00 -8.400007629394531250e+01 -4.252199172973632812e+01
1.211067770000000010e+01 1.466082763671875000e+01 6.181565856933593750e+01 -2.966179847717285156e+01 -1.077934169769287109e+01 -8.764789581298828125e+01 -4.205592346191406250e+01
1.213487074000000021e+01 1.422117614746093750e+01 5.921433639526367188e+01 -3.085543251037597656e+01 -1.311222839355468750e+01 -9.392056274414062500e+01 -3.835994338989257812e+01
1.215904753999999954e+01 1.368232440948486328e+01 5.666600036621093750e+01 -3.179537963867187500e+01 -1.625220680236816406e+01 -1.002089996337890625e+02 -3.626547622680664062e+01
1.218320532999999983e+01 1.324614334106445312e+01 5.420589828491210938e+01 -3.266172409057617188e+01 -1.616469192504882812e+01 -1.054506607055664062e+02 -3.283557510375976562e+01
1.220734588999999914e+01 1.277336311340332031e+01 5.139408493041992188e+01 -3.357989120483398438e+01 -1.833973693847656250e+01 -1.121872711181640625e+02 -3.453931427001953125e+01
1.223146737999999978e+01 1.224978828430175781e+01 4.857891845703125000e+01 -3.431901550292968750e+01 -1.728835296630859375e+01 -1.169336547851562500e+02 -2.648001289367675781e+01
1.225557067000000089e+01 1.173830604553222656e+01 4.568326950073242188e+01 -3.505354309082031250e+01 -2.151602935791015625e+01 -1.230154113769531250e+02 -1.968031311035156250e+01
1.227965662000000080e+01 1.118978881835937500e+01 4.234828948974609375e+01 -3.550930404663085938e+01 -1.873629188537597656e+01 -1.281782684326171875e+02 -1.650048446655273438e+01
1.230372340000000086e+01 1.063925647735595703e+01 3.896601486206054688e+01 -3.569889450073242188e+01 -2.097658729553222656e+01 -1.350340728759765625e+02 -1.151151275634765625e+01
1.232777186999999941e+01 1.010081577301025391e+01 3.552214050292968750e+01 -3.560678482055664062e+01 -2.470595359802246094e+01 -1.433537445068359375e+02 -6.823441982269287109e-01
1.235180199999999928e+01 9.673467636108398438e+00 3.207294845581054688e+01 -3.537281036376953125e+01 -2.689728355407714844e+01 -1.495032806396484375e+02 7.796969413757324219e+00
1.237581375999999977e+01 9.258708000183105469e+00 2.876711845397949219e+01 -3.498206329345703125e+01 -2.417764282226562500e+01 -1.529820404052734375e+02 1.345744705200195312e+01
1.239980802000000004e+01 8.934614181518554688e+00 2.508782768249511719e+01 -3.446208190917968750e+01 -2.936145782470703125e+01 -1.647070465087890625e+02 2.470707702636718750e+01
1.242378384999999952e+01 8.268362045288085938e+00 2.138834953308105469e+01 -3.371275711059570312e+01 -3.036966133117675781e+01 -1.693329467773437500e+02 3.492300415039062500e+01
1.244774031000000036e+01 7.635300159454345703e+00 1.757613372802734375e+01 -3.260479736328125000e+01 -3.221539688110351562e+01 -1.704963378906250000e+02 4.552437973022460938e+01
1.247167738999999997e+01 6.764741897583007812e+00 1.345107269287109375e+01 -3.117198753356933594e+01 -3.473795318603515625e+01 -1.710915069580078125e+02 5.859874725341796875e+01
1.249559773000000007e+01 5.969645023345947266e+00 9.382911682128906250e+00 -2.922698402404785156e+01 -3.580502700805664062e+01 -1.676120452880859375e+02 7.009936523437500000e+01
1.251949950999999928e+01 5.042981147766113281e+00 5.228963851928710938e+00 -2.696743202209472656e+01 -3.653134155273437500e+01 -1.604381256103515625e+02 8.273207092285156250e+01
1.254338182000000046e+01 4.091560840606689453e+00 1.096337676048278809e+00 -2.425557518005371094e+01 -3.852929687500000000e+01 -1.511721038818359375e+02 9.290660858154296875e+01
1.256724640999999920e+01 3.000422954559326172e+00 -3.273188591003417969e+00 -2.098860549926757812e+01 -3.697702026367187500e+01 -1.378023529052734375e+02 1.079401626586914062e+02
1.259109057999999948e+01 1.783240556716918945e+00 -7.140152454376220703e+00 -1.665316581726074219e+01 -3.963353347778320312e+01 -1.253363571166992188e+02 1.253390426635742188e+02
1.261491876000000012e+01 3.241316676139831543e-01 -1.033619785308837891e+01 -1.166873931884765625e+01 -4.475703430175781250e+01 -9.653229522705078125e+01 1.367132720947265625e+02
1.263872646000000088e+01 -7.720441818237304688e-01 -1.303816699981689453e+01 -5.606339454650878906e+00 -3.779463577270507812e+01 -7.262285614013671875e+01 1.589931793212890625e+02
1.266251543999999996e+01 -6.649581789970397949e-01 -6.989288806915283203e+00 -1.243182659149169922e+00 -5.636702346801757812e+01 -5.710427093505859375e+01 1.628820953369140625e+02
1.268628477999999937e+01 -3.308792829513549805e+00 -8.963425636291503906e+00 2.932300090789794922e+00 -2.792377662658691406e+01 2.101672554016113281e+01 1.383671722412109375e+02
1.271003624000000087e+01 -4.242821693420410156e+00 -7.977955341339111328e+00 8.014218330383300781e+00 -2.597948646545410156e+01 2.461687088012695312e+01 1.363356933593750000e+02
1.273376979999999925e+01 -5.085588932037353516e+00 -1.220541381835937500e+01 1.624482536315917969e+01 -2.846863365173339844e+01 1.767928695678710938e+01 1.474355926513671875e+02
1.275748364000000024e+01 -5.625559806823730469e+00 -9.766495704650878906e+00 1.914000320434570312e+01 -2.221635627746582031e+01 6.192191696166992188e+01 1.276784973144531250e+02
1.278117864000000026e+01 -5.103005409240722656e+00 -7.588898181915283203e+00 2.291978454589843750e+01 -1.906920242309570312e+01 7.250582122802734375e+01 1.052933273315429688e+02
1.280485565000000037e+01 -4.885338306427001953e+00 -5.352694988250732422e+00 2.509121322631835938e+01 -1.343356513977050781e+01 8.801354980468750000e+01 9.045456695556640625e+01
1.282851465999999974e+01 -4.725417613983154297e+00 -3.108827590942382812e+00 2.617267036437988281e+01 -5.482016086578369141e+00 9.762158966064453125e+01 6.634896850585937500e+01
1.285215297000000056e+01 -4.630871772766113281e+00 -1.157717943191528320e+00 2.689862442016601562e+01 -1.255078911781311035e+00 1.055387573242187500e+02 3.707828140258789062e+01
1.287577059000000013e+01 -4.359822750091552734e+00 5.871815085411071777e-01 2.666537857055664062e+01 2.314225673675537109e+00 1.081811676025390625e+02 1.408023452758789062e+01
1.289937276999999938e+01 -4.029010772705078125e+00 2.161549568176269531e+00 2.576949310302734375e+01 5.597673892974853516e+00 1.049514541625976562e+02 -7.064211368560791016e+00
1.292295421000000033e+01 -3.645501613616943359e+00 3.623407602310180664e+00 2.483359909057617188e+01 9.854770660400390625e+00 9.517366790771484375e+01 -3.600134658813476562e+01
1.294651664000000046e+01 -3.098377704620361328e+00 5.097568988800048828e+00 2.354029464721679688e+01 8.513270378112792969e+00 8.706656646728515625e+01 -5.775333404541015625e+01
1.297006005000000073e+01 -2.512440443038940430e+00 6.591461181640625000e+00 2.131879615783691406e+01 1.235440635681152344e+01 7.859067535400390625e+01 -8.083005523681640625e+01
1.299358529000000040e+01 -2.450052022933959961e+00 8.171774864196777344e+00 1.675806045532226562e+01 8.418921470642089844e+00 7.770062255859375000e+01 -1.106698150634765625e+02
1.301709147000000044e+01 -1.705314517021179199e+00 9.838923454284667969e+00 1.883260345458984375e+01 3.186102104187011719e+01 8.438642120361328125e+01 -1.408961029052734375e+02
1.304057768000000017e+01 2.599397897720336914e+00 4.448683738708496094e+00 -8.020998835563659668e-01 -6.228799343109130859e+00 1.715013122558593750e+01 -1.295758972167968750e+02
1.306404479000000052e+01 -5.877040624618530273e-01 9.604125022888183594e+00 7.416973590850830078e+00 8.439064025878906250e+00 1.721891975402832031e+01 -1.793534240722656250e+02
1.308749189000000079e+01 1.475443005561828613e+00 5.007564067840576172e+00 3.532120943069458008e+00 -3.497325897216796875e+00 -4.262153625488281250e+01 -1.838242187500000000e+02
1.311092249000000010e+01 1.365943431854248047e+00 1.582404375076293945e+00 -5.396596431732177734e+00 7.624970436096191406e+00 -9.786995697021484375e+01 -1.666952056884765625e+02
1.313433129999999949e+01 4.785031974315643311e-01 -3.185036897659301758e+00 -6.826147079467773438e+00 2.523325347900390625e+01 -1.209112625122070312e+02 4.979579544067382812e+01
1.315772180999999996e+01 0.000000000000000000e+00 0.000000000000000000e+00 0.000000000000000000e+00 0.000000000000000000e+00 0.000000000000000000e+00 0.000000000000000000e+00
1.318109487000000080e+01 0.000000000000000000e+00 0.000000000000000000e+00 0.000000000000000000e+00 0.000000000000000000e+00 0.000000000000000000e+00 0.000000000000000000e+00
1.320444610000000019e+01 0.000000000000000000e+00 0.000000000000000000e+00 0.000000000000000000e+00 0.000000000000000000e+00 0.000000000000000000e+00 0.000000000000000000e+00
1.322777984999999923e+01 0.000000000000000000e+00 0.000000000000000000e+00 0.000000000000000000e+00 0.000000000000000000e+00 0.000000000000000000e+00 0.000000000000000000e+00
1.325109261000000060e+01 0.000000000000000000e+00 0.000000000000000000e+00 0.000000000000000000e+00 0.000000000000000000e+00 0.000000000000000000e+00 0.000000000000000000e+00
1.327438873000000008e+01 0.000000000000000000e+00 0.000000000000000000e+00 0.000000000000000000e+00 0.000000000000000000e+00 0.000000000000000000e+00 0.000000000000000000e+00
1.329766294999999943e+01 0.000000000000000000e+00 0.000000000000000000e+00 0.000000000000000000e+00 0.000000000000000000e+00 0.000000000000000000e+00 0.000000000000000000e+00
1.332091963000000057e+01 0.000000000000000000e+00 0.000000000000000000e+00 0.000000000000000000e+00 0.000000000000000000e+00 0.000000000000000000e+00 0.000000000000000000e+00
1.334415700999999999e+01 0.000000000000000000e+00 0.000000000000000000e+00 0.000000000000000000e+00 0.000000000000000000e+00 0.000000000000000000e+00 0.000000000000000000e+00
1.336737418999999960e+01 0.000000000000000000e+00 0.000000000000000000e+00 0.000000000000000000e+00 0.000000000000000000e+00 0.000000000000000000e+00 0.000000000000000000e+00
1.339057204999999939e+01 0.000000000000000000e+00 0.000000000000000000e+00 0.000000000000000000e+00 0.000000000000000000e+00 0.000000000000000000e+00 0.000000000000000000e+00
1.341375142999999959e+01 0.000000000000000000e+00 0.000000000000000000e+00 0.000000000000000000e+00 0.000000000000000000e+00 0.000000000000000000e+00 0.000000000000000000e+00
1.343691057999999927e+01 0.000000000000000000e+00 0.000000000000000000e+00 0.000000000000000000e+00 0.000000000000000000e+00 0.000000000000000000e+00 0.000000000000000000e+00
1.346005122000000043e+01 0.000000000000000000e+00 0.000000000000000000e+00 0.000000000000000000e+00 0.000000000000000000e+00 0.000000000000000000e+00 0.000000000000000000e+00
1.348317074999999932e+01 0.000000000000000000e+00 0.000000000000000000e+00 0.000000000000000000e+00 0.000000000000000000e+00 0.000000000000000000e+00 0.000000000000000000e+00
1.350627262000000073e+01 0.000000000000000000e+00 0.000000000000000000e+00 0.000000000000000000e+00 0.000000000000000000e+00 0.000000000000000000e+00 0.000000000000000000e+00
1.352935420999999927e+01 0.000000000000000000e+00 0.000000000000000000e+00 0.000000000000000000e+00 0.000000000000000000e+00 0.000000000000000000e+00 0.000000000000000000e+00
1.355241724999999953e+01 0.000000000000000000e+00 0.000000000000000000e+00 0.000000000000000000e+00 0.000000000000000000e+00 0.000000000000000000e+00 0.000000000000000000e+00
1.357546085000000069e+01 0.000000000000000000e+00 0.000000000000000000e+00 0.000000000000000000e+00 0.000000000000000000e+00 0.000000000000000000e+00 0.000000000000000000e+00
1.359848329000000078e+01 0.000000000000000000e+00 0.000000000000000000e+00 0.000000000000000000e+00 0.000000000000000000e+00 0.000000000000000000e+00 0.000000000000000000e+00
1.362148799999999937e+01 0.000000000000000000e+00 0.000000000000000000e+00 0.000000000000000000e+00 0.000000000000000000e+00 0.000000000000000000e+00 0.000000000000000000e+00
1.364447239999999972e+01 0.000000000000000000e+00 0.000000000000000000e+00 0.000000000000000000e+00 0.000000000000000000e+00 0.000000000000000000e+00 0.000000000000000000e+00
1.366743817999999955e+01 0.000000000000000000e+00 0.000000000000000000e+00 0.000000000000000000e+00 0.000000000000000000e+00 0.000000000000000000e+00 0.000000000000000000e+00
1.369038276000000032e+01 0.000000000000000000e+00 0.000000000000000000e+00 0.000000000000000000e+00 0.000000000000000000e+00 0.000000000000000000e+00 0.000000000000000000e+00
1.371330956999999984e+01 0.000000000000000000e+00 0.000000000000000000e+00 0.000000000000000000e+00 0.000000000000000000e+00 0.000000000000000000e+00 0.000000000000000000e+00
1.371560151999999988e+01 0.000000000000000000e+00 0.000000000000000000e+00 0.000000000000000000e+00 0.000000000000000000e+00 0.000000000000000000e+00 0.000000000000000000e+00
1.371789155999999998e+01 0.000000000000000000e+00 0.000000000000000000e+00 0.000000000000000000e+00 0.000000000000000000e+00 0.000000000000000000e+00 0.000000000000000000e+00
1.372018311999999973e+01 0.000000000000000000e+00 0.000000000000000000e+00 0.000000000000000000e+00 0.000000000000000000e+00 0.000000000000000000e+00 0.000000000000000000e+00
1.372247448999999975e+01 0.000000000000000000e+00 0.000000000000000000e+00 0.000000000000000000e+00 0.000000000000000000e+00 0.000000000000000000e+00 0.000000000000000000e+00
1.372476565999999920e+01 0.000000000000000000e+00 0.000000000000000000e+00 0.000000000000000000e+00 0.000000000000000000e+00 0.000000000000000000e+00 0.000000000000000000e+00
1.372705664000000070e+01 0.000000000000000000e+00 0.000000000000000000e+00 0.000000000000000000e+00 0.000000000000000000e+00 0.000000000000000000e+00 0.000000000000000000e+00
1.372934655999999976e+01 0.000000000000000000e+00 0.000000000000000000e+00 0.000000000000000000e+00 0.000000000000000000e+00 0.000000000000000000e+00 0.000000000000000000e+00
1.373163543000000075e+01 0.000000000000000000e+00 0.000000000000000000e+00 0.000000000000000000e+00 0.000000000000000000e+00 0.000000000000000000e+00 0.000000000000000000e+00
1.373392583000000045e+01 0.000000000000000000e+00 0.000000000000000000e+00 0.000000000000000000e+00 0.000000000000000000e+00 0.000000000000000000e+00 0.000000000000000000e+00
1.373621602000000053e+01 0.000000000000000000e+00 0.000000000000000000e+00 0.000000000000000000e+00 0.000000000000000000e+00 0.000000000000000000e+00 0.000000000000000000e+00
