6.456227479999999908e+00 -3.571695251464843750e+02 -2.117359771728515625e+02 -4.379356384277343750e+01 2.522040939331054688e+01 -6.981277465820312500e+00 -4.047975158691406250e+01
6.482226409999999994e+00 -3.566105346679687500e+02 -2.117966308593750000e+02 -4.478130340576171875e+01 2.526412963867187500e+01 -6.600065231323242188e+00 -4.113354492187500000e+01
6.508233849999999876e+00 -3.559618225097656250e+02 -2.120900878906250000e+02 -4.587954330444335938e+01 2.511627960205078125e+01 -6.395290374755859375e+00 -4.089901733398437500e+01
6.534250570000000202e+00 -3.553157653808593750e+02 -2.122504730224609375e+02 -4.686082077026367188e+01 2.507656097412109375e+01 -6.336248397827148438e+00 -4.090090179443359375e+01
6.560274390000000011e+00 -3.546639099121093750e+02 -2.126329040527343750e+02 -4.783858489990234375e+01 2.493592071533203125e+01 -6.082216262817382812e+00 -4.102183151245117188e+01
6.586306079999999952e+00 -3.540234375000000000e+02 -2.126523284912109375e+02 -4.869790267944335938e+01 2.628249359130859375e+01 -5.088672637939453125e+00 -4.174919128417968750e+01
6.612346399999999846e+00 -3.533218688964843750e+02 -2.128217773437500000e+02 -4.987290573120117188e+01 2.739424133300781250e+01 -4.062185287475585938e+00 -4.279066085815429688e+01
6.638393169999999621e+00 -3.526958312988281250e+02 -2.128731079101562500e+02 -5.122511672973632812e+01 2.858620071411132812e+01 -2.513319015502929688e+00 -4.371079635620117188e+01
6.664447169999999865e+00 -3.520215454101562500e+02 -2.126206817626953125e+02 -5.255859375000000000e+01 2.973192977905273438e+01 -7.819976806640625000e-01 -4.460809326171875000e+01
6.690508190000000077e+00 -3.512125549316406250e+02 -2.125870056152343750e+02 -5.392906570434570312e+01 3.095078659057617188e+01 6.648101806640625000e-01 -4.532863998413085938e+01
6.716576970000000202e+00 -3.505268249511718750e+02 -2.123078613281250000e+02 -5.520729827880859375e+01 3.222475051879882812e+01 1.767518997192382812e+00 -4.603842926025390625e+01
6.742651369999999922e+00 -3.497273254394531250e+02 -2.121880340576171875e+02 -5.658289718627929688e+01 3.342950439453125000e+01 2.322267532348632812e+00 -4.668799591064453125e+01
6.768732149999999947e+00 -3.488263244628906250e+02 -2.122073211669921875e+02 -5.788301086425781250e+01 3.248364639282226562e+01 3.901388168334960938e+00 -4.617869186401367188e+01
6.794819099999999779e+00 -3.480580749511718750e+02 -2.123364105224609375e+02 -5.932461547851562500e+01 3.117199325561523438e+01 5.728168487548828125e+00 -4.424383544921875000e+01
6.820912980000000125e+00 -3.475024108886718750e+02 -2.120697937011718750e+02 -6.029756164550781250e+01 3.167617034912109375e+01 7.546701431274414062e+00 -4.072814941406250000e+01
6.847012630000000044e+00 -3.465482177734375000e+02 -2.116011352539062500e+02 -6.114371871948242188e+01 3.465145874023437500e+01 8.645982742309570312e+00 -3.856848526000976562e+01
6.873115860000000410e+00 -3.456355895996093750e+02 -2.110121765136718750e+02 -6.216934967041015625e+01 3.866076660156250000e+01 8.807153701782226562e+00 -3.685748291015625000e+01
6.899226389999999931e+00 -3.445008850097656250e+02 -2.104913787841796875e+02 -6.298403167724609375e+01 4.207206344604492188e+01 8.470165252685546875e+00 -3.408366394042968750e+01
6.925341089999999866e+00 -3.432261047363281250e+02 -2.098096466064453125e+02 -6.381997299194335938e+01 4.627648544311523438e+01 7.919265747070312500e+00 -3.112173843383789062e+01
6.951461690000000360e+00 -3.416420288085937500e+02 -2.092359161376953125e+02 -6.450462341308593750e+01 5.047173690795898438e+01 7.606021881103515625e+00 -2.795353317260742188e+01
6.977586050000000206e+00 -3.396527404785156250e+02 -2.086467437744140625e+02 -6.536531829833984375e+01 5.351757431030273438e+01 6.663492202758789062e+00 -2.551352119445800781e+01
7.003714940000000055e+00 -3.378562622070312500e+02 -2.083582916259765625e+02 -6.606504058837890625e+01 5.478114700317382812e+01 5.238618850708007812e+00 -2.376631546020507812e+01
7.029849139999999608e+00 -3.362141723632812500e+02 -2.082748565673828125e+02 -6.684803771972656250e+01 5.544664764404296875e+01 3.911668777465820312e+00 -2.261751747131347656e+01
7.055985510000000183e+00 -3.346740417480468750e+02 -2.083220520019531250e+02 -6.742386627197265625e+01 5.880970764160156250e+01 5.320569992065429688e+00 -2.182688331604003906e+01
7.082127759999999661e+00 -3.332549743652343750e+02 -2.083438568115234375e+02 -6.814557647705078125e+01 6.046843719482421875e+01 4.601608276367187500e+00 -2.103118133544921875e+01
7.108273750000000391e+00 -3.319579162597656250e+02 -2.086192474365234375e+02 -6.856851959228515625e+01 6.005287551879882812e+01 2.815942764282226562e+00 -2.034433746337890625e+01
7.134422279999999894e+00 -3.306893005371093750e+02 -2.086943054199218750e+02 -6.882567596435546875e+01 5.601280593872070312e+01 -1.194248199462890625e-01 -2.009033584594726562e+01
7.160574160000000354e+00 -3.295489501953125000e+02 -2.086352386474609375e+02 -6.903338623046875000e+01 5.490800094604492188e+01 -1.601474761962890625e+00 -1.935126495361328125e+01
7.186729180000000383e+00 -3.283928527832031250e+02 -2.086771697998046875e+02 -6.922304534912109375e+01 5.466334533691406250e+01 -1.794404983520507812e+00 -1.899038314819335938e+01
7.212888119999999681e+00 -3.272526855468750000e+02 -2.088755035400390625e+02 -6.940357971191406250e+01 5.441559219360351562e+01 -3.913784027099609375e+00 -1.885862922668457031e+01
7.239048839999999707e+00 -3.261288757324218750e+02 -2.091083526611328125e+02 -6.962973785400390625e+01 5.353476333618164062e+01 -6.837053298950195312e+00 -1.881157493591308594e+01
7.265212110000000223e+00 -3.247651672363281250e+02 -2.092524108886718750e+02 -6.992018890380859375e+01 5.315688323974609375e+01 -8.681652069091796875e+00 -1.828108787536621094e+01
7.291377759999999597e+00 -3.231871337890625000e+02 -2.095409851074218750e+02 -7.042233276367187500e+01 5.381918334960937500e+01 -9.441291809082031250e+00 -1.749203109741210938e+01
7.317546560000000255e+00 -3.215314025878906250e+02 -2.098142700195312500e+02 -7.099522399902343750e+01 5.473769378662109375e+01 -1.030969810485839844e+01 -1.763999748229980469e+01
7.343716360000000165e+00 -3.197326965332031250e+02 -2.101413116455078125e+02 -7.164862823486328125e+01 5.564895248413085938e+01 -1.137384033203125000e+01 -1.889590644836425781e+01
7.369888949999999994e+00 -3.179659729003906250e+02 -2.104439697265625000e+02 -7.254518127441406250e+01 5.609527206420898438e+01 -1.317581558227539062e+01 -2.060603332519531250e+01
7.396062159999999608e+00 -3.161061706542968750e+02 -2.109586334228515625e+02 -7.358471679687500000e+01 5.543923568725585938e+01 -1.518933105468750000e+01 -2.149014854431152344e+01
7.422236800000000301e+00 -3.146831665039062500e+02 -2.118266448974609375e+02 -7.440545654296875000e+01 5.360785675048828125e+01 -1.715831756591796875e+01 -2.095199012756347656e+01
7.448412669999999736e+00 -3.136258850097656250e+02 -2.124956665039062500e+02 -7.482833099365234375e+01 5.121858215332031250e+01 -1.892746734619140625e+01 -1.928392028808593750e+01
7.474590570000000156e+00 -3.125537414550781250e+02 -2.132493896484375000e+02 -7.514948272705078125e+01 4.917953872680664062e+01 -1.967512702941894531e+01 -1.698567962646484375e+01
7.500767370000000156e+00 -3.116825561523437500e+02 -2.138540802001953125e+02 -7.540093994140625000e+01 4.750935363769531250e+01 -1.958806991577148438e+01 -1.470051765441894531e+01
7.526946820000000038e+00 -3.108634338378906250e+02 -2.142003173828125000e+02 -7.535171508789062500e+01 4.669290161132812500e+01 -1.915560531616210938e+01 -1.286566734313964844e+01
7.553126770000000434e+00 -3.098706054687500000e+02 -2.143520812988281250e+02 -7.533889007568359375e+01 4.615247726440429688e+01 -1.852424049377441406e+01 -1.136459159851074219e+01
7.579306049999999573e+00 -3.087499694824218750e+02 -2.146576232910156250e+02 -7.560384368896484375e+01 4.567345428466796875e+01 -1.788835716247558594e+01 -1.037098026275634766e+01
7.605485469999999637e+00 -3.074627990722656250e+02 -2.150661163330078125e+02 -7.603505706787109375e+01 4.549954986572265625e+01 -1.759283828735351562e+01 -9.783685684204101562e+00
7.631664849999999944e+00 -3.060885620117187500e+02 -2.155830993652343750e+02 -7.658628845214843750e+01 4.510286712646484375e+01 -1.749816131591796875e+01 -9.128053665161132812e+00
7.657843999999999873e+00 -3.050125122070312500e+02 -2.163618316650390625e+02 -7.700117492675781250e+01 4.435579681396484375e+01 -1.721917533874511719e+01 -8.349000930786132812e+00
7.684023729999999830e+00 -3.037929992675781250e+02 -2.172802581787109375e+02 -7.741242218017578125e+01 4.415150833129882812e+01 -1.670381164550781250e+01 -7.919534206390380859e+00
7.710202889999999698e+00 -3.027593078613281250e+02 -2.178987731933593750e+02 -7.770501708984375000e+01 4.374798965454101562e+01 -1.609931755065917969e+01 -7.708501815795898438e+00
7.736379330000000110e+00 -3.017257690429687500e+02 -2.188489074707031250e+02 -7.819016265869140625e+01 4.307334899902343750e+01 -1.520702362060546875e+01 -7.696111679077148438e+00
7.762556810000000418e+00 -3.008609008789062500e+02 -2.192906799316406250e+02 -7.847456359863281250e+01 4.229133605957031250e+01 -1.371562194824218750e+01 -7.174251556396484375e+00
7.788733180000000367e+00 -2.998234558105468750e+02 -2.197077026367187500e+02 -7.887525177001953125e+01 4.186492919921875000e+01 -1.235203933715820312e+01 -6.273600101470947266e+00
7.814907289999999840e+00 -2.991637878417968750e+02 -2.201868591308593750e+02 -7.892852020263671875e+01 4.190118026733398438e+01 -1.068463897705078125e+01 -5.459540843963623047e+00
7.841079960000000071e+00 -2.984239501953125000e+02 -2.207819976806640625e+02 -7.906835174560546875e+01 4.103421020507812500e+01 -9.528526306152343750e+00 -5.503892421722412109e+00
7.867251979999999811e+00 -2.978855590820312500e+02 -2.214113616943359375e+02 -7.905220794677734375e+01 3.901709747314453125e+01 -7.015810012817382812e+00 -5.373422145843505859e+00
7.893420260000000077e+00 -2.978573608398437500e+02 -2.221239013671875000e+02 -7.903492736816406250e+01 3.773053741455078125e+01 -2.311128616333007812e+00 -5.682995319366455078e+00
7.919589509999999777e+00 -2.967642822265625000e+02 -2.216100769042968750e+02 -7.905077362060546875e+01 4.025467681884765625e+01 5.730079650878906250e+00 -9.755875587463378906e+00
7.945754680000000292e+00 -2.962204895019531250e+02 -2.216788940429687500e+02 -7.888430023193359375e+01 4.912567138671875000e+01 2.244538879394531250e+01 -2.280159378051757812e+01
7.971917549999999686e+00 -2.952966918945312500e+02 -2.210622100830078125e+02 -7.843588256835937500e+01 6.926182556152343750e+01 4.833518981933593750e+01 -4.930086135864257812e+01
7.998077959999999820e+00 -2.947388000488281250e+02 -2.208829040527343750e+02 -7.760977172851562500e+01 7.370249176025390625e+01 5.381302642822265625e+01 -5.324482345581054688e+01
8.024235739999999950e+00 -2.946089172363281250e+02 -2.195096282958984375e+02 -7.679824066162109375e+01 6.893208312988281250e+01 5.163280487060546875e+01 -4.053068161010742188e+01
8.050391709999999534e+00 -2.937765502929687500e+02 -2.184435119628906250e+02 -7.650647735595703125e+01 5.068709945678710938e+01 4.779273986816406250e+01 -1.519585227966308594e+01
8.076543739999999971e+00 -2.931843872070312500e+02 -2.169721221923828125e+02 -7.626188659667968750e+01 4.608871459960937500e+01 4.886977767944335938e+01 -1.156571769714355469e+01
8.102692649999999830e+00 -2.923019409179687500e+02 -2.154508361816406250e+02 -7.626891326904296875e+01 4.291669082641601562e+01 5.250045013427734375e+01 -1.044933509826660156e+01
8.128838280000000083e+00 -2.913266296386718750e+02 -2.140838317871093750e+02 -7.641967010498046875e+01 4.374244689941406250e+01 5.645569229125976562e+01 -1.157648754119873047e+01
8.154981449999999299e+00 -2.899677124023437500e+02 -2.125122985839843750e+02 -7.672026824951171875e+01 4.780297088623046875e+01 5.976900482177734375e+01 -1.422764396667480469e+01
8.181120039999999705e+00 -2.884780578613281250e+02 -2.110154876708984375e+02 -7.713671112060546875e+01 5.569454956054687500e+01 6.382434082031250000e+01 -1.565954017639160156e+01
8.207255840000000191e+00 -2.871282958984375000e+02 -2.098856048583984375e+02 -7.826293945312500000e+01 6.480204772949218750e+01 6.691468811035156250e+01 -1.605710983276367188e+01
8.233386749999999310e+00 -2.855617065429687500e+02 -2.085459899902343750e+02 -7.914187622070312500e+01 7.029853057861328125e+01 6.634358978271484375e+01 -1.844147872924804688e+01
8.259513580000000132e+00 -2.842060546875000000e+02 -2.071668548583984375e+02 -7.975648498535156250e+01 7.240443420410156250e+01 6.416522216796875000e+01 -2.130123901367187500e+01
8.285636179999999129e+00 -2.821162414550781250e+02 -2.058898315429687500e+02 -8.073773193359375000e+01 6.924682617187500000e+01 6.037653732299804688e+01 -2.702457809448242188e+01
8.311754390000000825e+00 -2.800431823730468750e+02 -2.044923248291015625e+02 -8.162131500244140625e+01 6.741633605957031250e+01 5.775804901123046875e+01 -3.187867164611816406e+01
8.337869039999999288e+00 -2.777021789550781250e+02 -2.032330780029296875e+02 -8.270160675048828125e+01 6.877906799316406250e+01 5.692599105834960938e+01 -3.432052993774414062e+01
8.363978010000000296e+00 -2.755656433105468750e+02 -2.020518798828125000e+02 -8.377088928222656250e+01 7.055172729492187500e+01 5.663597106933593750e+01 -3.621105957031250000e+01
8.390083110000000843e+00 -2.733080444335937500e+02 -2.011641998291015625e+02 -8.514608764648437500e+01 7.193411254882812500e+01 5.590839385986328125e+01 -3.807915496826171875e+01
8.416182239999999481e+00 -2.719689941406250000e+02 -2.001980590820312500e+02 -8.615794372558593750e+01 7.276162719726562500e+01 5.587728881835937500e+01 -3.924378204345703125e+01
8.442277199999999482e+00 -2.704866333007812500e+02 -1.989062805175781250e+02 -8.708636474609375000e+01 7.288117980957031250e+01 5.517502593994140625e+01 -4.025056457519531250e+01
8.468365880000000345e+00 -2.690557250976562500e+02 -1.971629791259765625e+02 -8.787406158447265625e+01 7.244508361816406250e+01 5.564280700683593750e+01 -4.062436294555664062e+01
8.494449109999999692e+00 -2.673410644531250000e+02 -1.950733337402343750e+02 -8.889685058593750000e+01 7.174362945556640625e+01 5.668088150024414062e+01 -4.162920379638671875e+01
8.520526750000000149e+00 -2.654546203613281250e+02 -1.930955505371093750e+02 -9.023925018310546875e+01 7.055657958984375000e+01 5.797775650024414062e+01 -4.289257812500000000e+01
8.546599620000000286e+00 -2.634470214843750000e+02 -1.910800170898437500e+02 -9.183606719970703125e+01 6.969929504394531250e+01 5.816696166992187500e+01 -4.505843734741210938e+01
8.572665629999999481e+00 -2.614216003417968750e+02 -1.896194610595703125e+02 -9.375152587890625000e+01 6.851245117187500000e+01 5.771530914306640625e+01 -4.694239425659179688e+01
8.598725610000000685e+00 -2.593938903808593750e+02 -1.886344604492187500e+02 -9.546658325195312500e+01 6.777463531494140625e+01 5.613022613525390625e+01 -4.816779708862304688e+01
8.624779410000000368e+00 -2.580744934082031250e+02 -1.878045349121093750e+02 -9.667147827148437500e+01 6.753238677978515625e+01 5.525064086914062500e+01 -4.882709121704101562e+01
8.650827870000000530e+00 -2.565783081054687500e+02 -1.864657592773437500e+02 -9.759822082519531250e+01 6.789503479003906250e+01 5.524584579467773438e+01 -4.959126281738281250e+01
8.676868900000000551e+00 -2.550615692138671875e+02 -1.849872283935546875e+02 -9.870149993896484375e+01 6.848857116699218750e+01 5.549270629882812500e+01 -5.013092803955078125e+01
8.702904289999999321e+00 -2.531453704833984375e+02 -1.830944213867187500e+02 -1.000562515258789062e+02 6.961665344238281250e+01 5.592552947998046875e+01 -5.029263687133789062e+01
8.728931969999999652e+00 -2.507689056396484375e+02 -1.816916809082031250e+02 -1.017169570922851562e+02 7.067443847656250000e+01 5.637397766113281250e+01 -5.082108306884765625e+01
8.754952779999999990e+00 -2.483678436279296875e+02 -1.805710754394531250e+02 -1.034954147338867188e+02 7.140318298339843750e+01 5.618671417236328125e+01 -5.166946029663085938e+01
8.780966559999999532e+00 -2.463925170898437500e+02 -1.796498413085937500e+02 -1.052916946411132812e+02 7.102313232421875000e+01 5.497120285034179688e+01 -5.171888351440429688e+01
8.806974159999999330e+00 -2.447505035400390625e+02 -1.785417022705078125e+02 -1.069093551635742188e+02 6.723268890380859375e+01 5.439157104492187500e+01 -4.696207046508789062e+01
8.832972520000000216e+00 -2.428531646728515625e+02 -1.768460388183593750e+02 -1.084642257690429688e+02 6.201376342773437500e+01 5.499291229248046875e+01 -3.972929382324218750e+01
8.858966369999999202e+00 -2.400583343505859375e+02 -1.752685699462890625e+02 -1.099024353027343750e+02 5.874250411987304688e+01 5.605304718017578125e+01 -3.688587188720703125e+01
8.884950720000000857e+00 -2.373815917968750000e+02 -1.737888183593750000e+02 -1.116992263793945312e+02 5.789960479736328125e+01 5.635383987426757812e+01 -3.747344589233398438e+01
8.910927369999999570e+00 -2.354296569824218750e+02 -1.730938110351562500e+02 -1.132189941406250000e+02 5.925215148925781250e+01 5.537535476684570312e+01 -3.761634063720703125e+01
8.936896190000000573e+00 -2.336112670898437500e+02 -1.728935089111328125e+02 -1.144436721801757812e+02 6.628207397460937500e+01 5.077329635620117188e+01 -3.934313201904296875e+01
8.962858029999999587e+00 -2.321481781005859375e+02 -1.712898864746093750e+02 -1.153657455444335938e+02 6.857015991210937500e+01 4.899298858642578125e+01 -3.913331222534179688e+01
8.988810799999999546e+00 -2.309242248535156250e+02 -1.701467437744140625e+02 -1.162476806640625000e+02 6.865668487548828125e+01 4.776193237304687500e+01 -3.849984359741210938e+01
9.014755349999999723e+00 -2.300709838867187500e+02 -1.685581817626953125e+02 -1.167482376098632812e+02 6.802038574218750000e+01 4.811886596679687500e+01 -3.721316528320312500e+01
9.040692529999999394e+00 -2.281048431396484375e+02 -1.667652282714843750e+02 -1.175156250000000000e+02 6.821973419189453125e+01 4.835270309448242188e+01 -3.632953643798828125e+01
9.066620249999999714e+00 -2.256325683593750000e+02 -1.646524200439453125e+02 -1.185353851318359375e+02 6.976177978515625000e+01 4.732332611083984375e+01 -3.564756393432617188e+01
9.092539379999999838e+00 -2.227433471679687500e+02 -1.633018951416015625e+02 -1.199072875976562500e+02 7.184864044189453125e+01 4.641738891601562500e+01 -3.486571884155273438e+01
9.118450740000000110e+00 -2.199314422607421875e+02 -1.623039550781250000e+02 -1.212842330932617188e+02 7.431761169433593750e+01 4.655050277709960938e+01 -3.493397903442382812e+01
9.144352279999999666e+00 -2.182702941894531250e+02 -1.609275360107421875e+02 -1.223487243652343750e+02 7.589666748046875000e+01 4.877555465698242188e+01 -3.628513717651367188e+01
9.170244840000000508e+00 -2.158312835693359375e+02 -1.603496704101562500e+02 -1.242287521362304688e+02 7.685150146484375000e+01 5.016159057617187500e+01 -3.841590118408203125e+01
9.196129259999999306e+00 -2.136978759765625000e+02 -1.584973449707031250e+02 -1.249448471069335938e+02 7.827917480468750000e+01 4.999614715576171875e+01 -3.859673690795898438e+01
9.222003490000000525e+00 -2.114478454589843750e+02 -1.566956024169921875e+02 -1.260100860595703125e+02 7.955583953857421875e+01 5.058560562133789062e+01 -3.811726379394531250e+01
9.247867409999999566e+00 -2.086386871337890625e+02 -1.542323455810546875e+02 -1.272666778564453125e+02 8.065913391113281250e+01 5.222060394287109375e+01 -3.748387908935546875e+01
9.273723790000000022e+00 -2.062575683593750000e+02 -1.523044281005859375e+02 -1.283947601318359375e+02 8.136492156982421875e+01 5.585914993286132812e+01 -3.684930801391601562e+01
9.299569619999999759e+00 -2.041799316406250000e+02 -1.509377899169921875e+02 -1.293546447753906250e+02 8.101397705078125000e+01 6.040931320190429688e+01 -3.642026519775390625e+01
9.325406720000000149e+00 -2.023800354003906250e+02 -1.494522705078125000e+02 -1.305010375976562500e+02 8.023861694335937500e+01 6.327893066406250000e+01 -3.500685501098632812e+01
9.351233020000000451e+00 -2.004920349121093750e+02 -1.478805694580078125e+02 -1.314506378173828125e+02 8.058992004394531250e+01 6.446519470214843750e+01 -3.406660461425781250e+01
9.377049380000000767e+00 -1.980070953369140625e+02 -1.454513397216796875e+02 -1.323137969970703125e+02 8.238075256347656250e+01 6.698312377929687500e+01 -3.334890365600585938e+01
9.402856639999999544e+00 -1.953578948974609375e+02 -1.424779815673828125e+02 -1.330171356201171875e+02 8.543441772460937500e+01 7.101593780517578125e+01 -3.213762664794921875e+01
9.428653739999999672e+00 -1.926950073242187500e+02 -1.395965728759765625e+02 -1.336493682861328125e+02 8.784820556640625000e+01 7.576996612548828125e+01 -3.089029693603515625e+01
9.454439580000000731e+00 -1.901139526367187500e+02 -1.369315338134765625e+02 -1.342662200927734375e+02 9.035411071777343750e+01 7.988480377197265625e+01 -3.013164138793945312e+01
9.480215019999999271e+00 -1.874407043457031250e+02 -1.344787445068359375e+02 -1.349239501953125000e+02 9.259673309326171875e+01 8.340092468261718750e+01 -2.919635391235351562e+01
9.505979950000000400e+00 -1.847255249023437500e+02 -1.321097869873046875e+02 -1.355606536865234375e+02 9.515186309814453125e+01 8.545914459228515625e+01 -2.834926223754882812e+01
9.531734260000000347e+00 -1.823418884277343750e+02 -1.301366577148437500e+02 -1.362045288085937500e+02 9.691832733154296875e+01 8.653349304199218750e+01 -2.751270294189453125e+01
9.557478789999999336e+00 -1.801955413818359375e+02 -1.281195068359375000e+02 -1.367761535644531250e+02 9.802413177490234375e+01 8.767079162597656250e+01 -2.653009796142578125e+01
9.583211520000000760e+00 -1.779755401611328125e+02 -1.257227630615234375e+02 -1.374172363281250000e+02 9.854523468017578125e+01 8.881891632080078125e+01 -2.580322647094726562e+01
9.608933289999999516e+00 -1.758181457519531250e+02 -1.231547393798828125e+02 -1.380085144042968750e+02 9.915031433105468750e+01 8.984041595458984375e+01 -2.567218399047851562e+01
9.634643990000000713e+00 -1.733355407714843750e+02 -1.211224594116210938e+02 -1.389607849121093750e+02 9.868150329589843750e+01 9.085665893554687500e+01 -2.568101119995117188e+01
9.660343530000000456e+00 -1.711552124023437500e+02 -1.194635772705078125e+02 -1.395897216796875000e+02 9.787682342529296875e+01 9.144131469726562500e+01 -2.512295913696289062e+01
9.686032759999999797e+00 -1.691529846191406250e+02 -1.174636917114257812e+02 -1.398644866943359375e+02 9.782664489746093750e+01 9.284352111816406250e+01 -2.430562591552734375e+01
9.711709629999999649e+00 -1.672267150878906250e+02 -1.151666488647460938e+02 -1.401621398925781250e+02 9.815945434570312500e+01 9.420953369140625000e+01 -2.400025749206542969e+01
9.737375990000000314e+00 -1.651695251464843750e+02 -1.128758316040039062e+02 -1.406959228515625000e+02 9.758232879638671875e+01 9.430426788330078125e+01 -2.284434890747070312e+01
9.763030750000000424e+00 -1.629633789062500000e+02 -1.105278701782226562e+02 -1.407804565429687500e+02 9.699669647216796875e+01 9.364294433593750000e+01 -2.101153945922851562e+01
9.788671900000000647e+00 -1.604453735351562500e+02 -1.082381515502929688e+02 -1.411764221191406250e+02 9.762585449218750000e+01 9.371607971191406250e+01 -1.967437744140625000e+01
9.814303170000000520e+00 -1.579903717041015625e+02 -1.060998687744140625e+02 -1.417756652832031250e+02 9.832900238037109375e+01 9.310607147216796875e+01 -1.775387954711914062e+01
9.839921580000000390e+00 -1.555640258789062500e+02 -1.040095214843750000e+02 -1.422716369628906250e+02 9.938897705078125000e+01 9.186145782470703125e+01 -1.726490783691406250e+01
9.865527999999999409e+00 -1.533529052734375000e+02 -1.020606079101562500e+02 -1.426694335937500000e+02 1.002505874633789062e+02 9.112463378906250000e+01 -1.638792991638183594e+01
9.891123269999999579e+00 -1.512417755126953125e+02 -9.944313049316406250e+01 -1.425950469970703125e+02 1.015033111572265625e+02 9.025164031982421875e+01 -1.515252494812011719e+01
9.916706350000000114e+00 -1.485530548095703125e+02 -9.678430175781250000e+01 -1.428347625732421875e+02 1.026822738647460938e+02 8.957119750976562500e+01 -1.388280296325683594e+01
9.942275220000000857e+00 -1.456582031250000000e+02 -9.437695312500000000e+01 -1.432441406250000000e+02 1.035171203613281250e+02 8.963955688476562500e+01 -1.240692615509033203e+01
9.967832659999999123e+00 -1.427790679931640625e+02 -9.204658508300781250e+01 -1.437244262695312500e+02 1.046497955322265625e+02 9.011094665527343750e+01 -1.121681690216064453e+01
9.993379519999999516e+00 -1.401335449218750000e+02 -8.987023162841796875e+01 -1.443466644287109375e+02 1.055726699829101562e+02 9.063916015625000000e+01 -9.988191604614257812e+00
1.001891093000000055e+01 -1.375699157714843750e+02 -8.767797088623046875e+01 -1.445339202880859375e+02 1.066281051635742188e+02 9.077800750732421875e+01 -8.484405517578125000e+00
1.004443157000000042e+01 -1.349705810546875000e+02 -8.536928558349609375e+01 -1.447797393798828125e+02 1.075156250000000000e+02 9.099559783935546875e+01 -6.485409736633300781e+00
1.006993849000000019e+01 -1.322465667724609375e+02 -8.287246704101562500e+01 -1.447707061767578125e+02 1.088124008178710938e+02 9.134767150878906250e+01 -4.115965843200683594e+00
1.009543348999999957e+01 -1.294624328613281250e+02 -8.007361602783203125e+01 -1.446475830078125000e+02 1.099131774902343750e+02 9.227329254150390625e+01 -1.807480812072753906e+00
1.012091363000000044e+01 -1.264276199340820312e+02 -7.752395629882812500e+01 -1.447070312500000000e+02 1.111332550048828125e+02 9.355812835693359375e+01 1.761970520019531250e-01
1.014638262999999974e+01 -1.235458221435546875e+02 -7.508806610107421875e+01 -1.447297058105468750e+02 1.123801879882812500e+02 9.502313995361328125e+01 2.132705688476562500e+00
1.017183754000000029e+01 -1.206747665405273438e+02 -7.256966400146484375e+01 -1.446616210937500000e+02 1.132454299926757812e+02 9.657407379150390625e+01 3.856365203857421875e+00
1.019727920999999959e+01 -1.176709976196289062e+02 -7.005807495117187500e+01 -1.446937408447265625e+02 1.142304534912109375e+02 9.701377105712890625e+01 5.531881332397460938e+00
1.022270853000000024e+01 -1.148215789794921875e+02 -6.756538391113281250e+01 -1.447906799316406250e+02 1.148623199462890625e+02 9.748126220703125000e+01 7.432102203369140625e+00
1.024812348000000028e+01 -1.119473190307617188e+02 -6.501368713378906250e+01 -1.446824951171875000e+02 1.157053604125976562e+02 9.820279693603515625e+01 9.338575363159179688e+00
1.027352589000000016e+01 -1.089216690063476562e+02 -6.245083236694335938e+01 -1.445846252441406250e+02 1.172196350097656250e+02 9.804453277587890625e+01 1.120407009124755859e+01
1.029891281999999997e+01 -1.057920684814453125e+02 -6.028712081909179688e+01 -1.441714172363281250e+02 1.184013442993164062e+02 9.872390747070312500e+01 1.304446411132812500e+01
1.032428894000000064e+01 -1.027211990356445312e+02 -5.793862533569335938e+01 -1.437431793212890625e+02 1.193875427246093750e+02 9.809734344482421875e+01 1.623582839965820312e+01
1.034964845000000011e+01 -9.988516235351562500e+01 -5.556176757812500000e+01 -1.429302368164062500e+02 1.204243392944335938e+02 9.864241790771484375e+01 1.977742958068847656e+01
1.037499509000000053e+01 -9.705484008789062500e+01 -5.298039627075195312e+01 -1.419063568115234375e+02 1.222199172973632812e+02 1.004630508422851562e+02 2.344538497924804688e+01
1.040032874999999990e+01 -9.407215118408203125e+01 -5.000472640991210938e+01 -1.409743957519531250e+02 1.241867752075195312e+02 1.025741271972656250e+02 2.656572914123535156e+01
1.042564746000000042e+01 -9.084481811523437500e+01 -4.704692459106445312e+01 -1.401471710205078125e+02 1.266721343994140625e+02 1.041930694580078125e+02 2.857748413085937500e+01
1.045095303000000087e+01 -8.734698486328125000e+01 -4.418046951293945312e+01 -1.393886871337890625e+02 1.290079498291015625e+02 1.050540847778320312e+02 2.974353790283203125e+01
1.047624255000000026e+01 -8.386475372314453125e+01 -4.169979095458984375e+01 -1.386932830810546875e+02 1.311516418457031250e+02 1.057440872192382812e+02 3.100434303283691406e+01
1.050151877000000056e+01 -8.046575927734375000e+01 -3.895106887817382812e+01 -1.379325408935546875e+02 1.332479400634765625e+02 1.062445144653320312e+02 3.240000915527343750e+01
1.052678161999999951e+01 -7.691709899902343750e+01 -3.631377029418945312e+01 -1.371430053710937500e+02 1.350151367187500000e+02 1.059655609130859375e+02 3.443766021728515625e+01
1.055203005999999988e+01 -7.331030273437500000e+01 -3.390562820434570312e+01 -1.364846343994140625e+02 1.363359832763671875e+02 1.050980453491210938e+02 3.711476135253906250e+01
1.057726307000000077e+01 -6.989808654785156250e+01 -3.172193527221679688e+01 -1.355324401855468750e+02 1.364707641601562500e+02 1.042424240112304688e+02 4.108455276489257812e+01
1.060248153000000038e+01 -6.687959289550781250e+01 -2.930657958984375000e+01 -1.341301574707031250e+02 1.368440246582031250e+02 1.049143753051757812e+02 4.588913726806640625e+01
1.062768628999999976e+01 -6.379261779785156250e+01 -2.620596122741699219e+01 -1.328016510009765625e+02 1.372619171142578125e+02 1.067491149902343750e+02 5.074755859375000000e+01
1.065287541000000004e+01 -6.027059173583984375e+01 -2.303678703308105469e+01 -1.313549957275390625e+02 1.387728729248046875e+02 1.089384765625000000e+02 5.523478698730468750e+01
1.067804972999999968e+01 -5.674014282226562500e+01 -2.026522445678710938e+01 -1.294971466064453125e+02 1.407436676025390625e+02 1.106962509155273438e+02 5.944351959228515625e+01
1.070321013999999948e+01 -5.319509887695312500e+01 -1.723309326171875000e+01 -1.280546569824218750e+02 1.429947967529296875e+02 1.128936004638671875e+02 6.325953674316406250e+01
1.072835466999999987e+01 -4.946683502197265625e+01 -1.385146331787109375e+01 -1.266053695678710938e+02 1.456092987060546875e+02 1.151173400878906250e+02 6.635569000244140625e+01
1.075348420000000083e+01 -4.544796371459960938e+01 -1.071903610229492188e+01 -1.251743164062500000e+02 1.479654235839843750e+02 1.159610671997070312e+02 6.909001159667968750e+01
1.077859864999999928e+01 -4.145034027099609375e+01 -7.906350135803222656e+00 -1.236613311767578125e+02 1.492490234375000000e+02 1.163094329833984375e+02 7.242028045654296875e+01
1.080369888999999972e+01 -3.761867904663085938e+01 -4.944205284118652344e+00 -1.219403076171875000e+02 1.503088989257812500e+02 1.162487106323242188e+02 7.706617736816406250e+01
1.082878297000000067e+01 -3.397295379638671875e+01 -2.121342658996582031e+00 -1.199471282958984375e+02 1.505236663818359375e+02 1.158066329956054688e+02 8.172257995605468750e+01
1.085385175999999952e+01 -3.030621719360351562e+01 7.694814801216125488e-01 -1.176991271972656250e+02 1.509792327880859375e+02 1.152991790771484375e+02 8.728807067871093750e+01
1.087890613000000073e+01 -2.656155586242675781e+01 3.747561931610107422e+00 -1.152707061767578125e+02 1.509899902343750000e+02 1.154078216552734375e+02 9.336688995361328125e+01
1.090394507000000068e+01 -2.292855644226074219e+01 6.724697113037109375e+00 -1.125785217285156250e+02 1.507613830566406250e+02 1.143157730102539062e+02 9.922533416748046875e+01
1.092896758000000013e+01 -1.935086631774902344e+01 9.884802818298339844e+00 -1.095195541381835938e+02 1.508478088378906250e+02 1.149671325683593750e+02 1.060412368774414062e+02
1.095397451999999916e+01 -1.558097457885742188e+01 1.326067447662353516e+01 -1.063587417602539062e+02 1.512481536865234375e+02 1.151543579101562500e+02 1.122142333984375000e+02
1.097896584000000075e+01 -1.143948936462402344e+01 1.618471336364746094e+01 -1.035286560058593750e+02 1.515961151123046875e+02 1.155263824462890625e+02 1.180912628173828125e+02
1.100394239000000063e+01 -7.556130409240722656e+00 1.907540130615234375e+01 -1.005718383789062500e+02 1.518435363769531250e+02 1.151052780151367188e+02 1.237873153686523438e+02
1.102890224999999980e+01 -3.894133090972900391e+00 2.246320152282714844e+01 -9.727659606933593750e+01 1.523633117675781250e+02 1.144114761352539062e+02 1.294384918212890625e+02
1.105384628999999919e+01 8.328772336244583130e-02 2.546041488647460938e+01 -9.411512756347656250e+01 1.526163330078125000e+02 1.123072967529296875e+02 1.345287475585937500e+02
1.107877444000000011e+01 4.146795749664306641e+00 2.801975631713867188e+01 -9.088928985595703125e+01 1.521451263427734375e+02 1.092892608642578125e+02 1.400332183837890625e+02
1.110368850000000052e+01 7.994513511657714844e+00 3.015790367126464844e+01 -8.744441223144531250e+01 1.512467193603515625e+02 1.055787658691406250e+02 1.461536102294921875e+02
1.112858282000000010e+01 1.172176074981689453e+01 3.220745468139648438e+01 -8.365689849853515625e+01 1.496584320068359375e+02 1.016011505126953125e+02 1.529092407226562500e+02
1.115346480000000007e+01 1.517925167083740234e+01 3.432279968261718750e+01 -7.941505432128906250e+01 1.478890228271484375e+02 9.819815826416015625e+01 1.601384887695312500e+02
1.117832877000000025e+01 1.877289199829101562e+01 3.688594818115234375e+01 -7.496218872070312500e+01 1.456192474365234375e+02 9.406860351562500000e+01 1.674128112792968750e+02
1.120317655000000023e+01 2.247745704650878906e+01 3.927073669433593750e+01 -7.058880615234375000e+01 1.431771697998046875e+02 9.036512756347656250e+01 1.742502136230468750e+02
1.122800900000000013e+01 2.615714645385742188e+01 4.152804183959960938e+01 -6.598380279541015625e+01 1.403924865722656250e+02 8.678160858154296875e+01 1.804042053222656250e+02
1.125282327999999943e+01 2.987678909301757812e+01 4.384574890136718750e+01 -6.134110641479492188e+01 1.374101562500000000e+02 8.268222808837890625e+01 1.866201171875000000e+02
1.127762305000000076e+01 3.333668136596679688e+01 4.593083190917968750e+01 -5.653025436401367188e+01 1.340776062011718750e+02 7.829492950439453125e+01 1.930977783203125000e+02
1.130240638000000075e+01 3.675078582763671875e+01 4.808886337280273438e+01 -5.149159622192382812e+01 1.295309753417968750e+02 7.354276275634765625e+01 1.991315917968750000e+02
1.132717137999999935e+01 4.007949447631835938e+01 4.984907531738281250e+01 -4.651838684082031250e+01 1.247973175048828125e+02 6.836036682128906250e+01 2.040895538330078125e+02
1.135192261000000080e+01 4.315179824829101562e+01 5.104526138305664062e+01 -4.130955505371093750e+01 1.199138641357421875e+02 6.294539642333984375e+01 2.088742065429687500e+02
1.137665445999999925e+01 4.583478927612304688e+01 5.239669418334960938e+01 -3.577189254760742188e+01 1.140307159423828125e+02 5.758187103271484375e+01 2.136524810791015625e+02
1.140137151000000060e+01 4.852106094360351562e+01 5.395689392089843750e+01 -2.991682434082031250e+01 1.088673477172851562e+02 5.262372589111328125e+01 2.182434539794921875e+02
1.142607092000000080e+01 5.134243011474609375e+01 5.542371368408203125e+01 -2.428990745544433594e+01 1.035036163330078125e+02 4.802835083007812500e+01 2.216063079833984375e+02
1.145075356999999983e+01 5.385041809082031250e+01 5.642667770385742188e+01 -1.875384521484375000e+01 9.605603027343750000e+01 4.278815841674804688e+01 2.237413940429687500e+02
1.147542033000000039e+01 5.608952331542968750e+01 5.738008117675781250e+01 -1.285260868072509766e+01 9.034799194335937500e+01 3.752412414550781250e+01 2.252226257324218750e+02
1.150006838000000009e+01 5.821067428588867188e+01 5.832339477539062500e+01 -7.001990318298339844e+00 8.416081237792968750e+01 3.169919967651367188e+01 2.255390625000000000e+02
1.152470042999999933e+01 6.038589859008789062e+01 5.924328231811523438e+01 -1.275477766990661621e+00 7.862730407714843750e+01 2.632240104675292969e+01 2.248752136230468750e+02
1.154931642999999930e+01 6.250230026245117188e+01 5.980014801025390625e+01 4.159720897674560547e+00 7.314909362792968750e+01 2.110852813720703125e+01 2.232487335205078125e+02
1.157391357000000021e+01 6.438614654541015625e+01 6.011863327026367188e+01 9.601911544799804688e+00 6.776329040527343750e+01 1.607691764831542969e+01 2.221818389892578125e+02
1.159849731999999989e+01 6.611624908447265625e+01 6.023078918457031250e+01 1.514454269409179688e+01 6.366581726074218750e+01 8.450006484985351562e+00 2.202814331054687500e+02
1.162306026000000081e+01 6.767834472656250000e+01 5.993468856811523438e+01 2.052035331726074219e+01 5.705565261840820312e+01 4.552913665771484375e+00 2.176077423095703125e+02
1.164760695999999918e+01 6.880994415283203125e+01 5.977117538452148438e+01 2.607026481628417969e+01 5.161345291137695312e+01 2.756996154785156250e-01 2.159259948730468750e+02
1.167213734999999986e+01 6.989151763916015625e+01 5.992237091064453125e+01 3.175482559204101562e+01 4.681740951538085938e+01 -2.908232212066650391e+00 2.138832550048828125e+02
1.169664956999999994e+01 7.088241577148437500e+01 6.010064315795898438e+01 3.718432998657226562e+01 4.269453048706054688e+01 -5.380163192749023438e+00 2.121307373046875000e+02
1.172114447000000048e+01 7.207877349853515625e+01 6.048143768310546875e+01 4.246511840820312500e+01 3.905664825439453125e+01 -8.087181091308593750e+00 2.087564086914062500e+02
1.174562200999999995e+01 7.330608367919921875e+01 6.024176788330078125e+01 4.713692092895507812e+01 3.543087768554687500e+01 -1.167986106872558594e+01 2.057764129638671875e+02
1.177008305999999926e+01 7.404338836669921875e+01 5.981806945800781250e+01 5.224522018432617188e+01 3.154895019531250000e+01 -1.502598571777343750e+01 2.027077331542968750e+02
1.179452573999999920e+01 7.461341857910156250e+01 5.933139801025390625e+01 5.737876892089843750e+01 2.778466606140136719e+01 -1.858663177490234375e+01 2.001400909423828125e+02
1.181895276000000017e+01 7.515786743164062500e+01 5.900555038452148438e+01 6.260552215576171875e+01 2.389845275878906250e+01 -2.070537757873535156e+01 1.977984619140625000e+02
1.184335950000000004e+01 7.579227447509765625e+01 5.850118255615234375e+01 6.766049194335937500e+01 2.044877052307128906e+01 -2.342711257934570312e+01 1.951534576416015625e+02
1.186774957000000086e+01 7.619670867919921875e+01 5.785141754150390625e+01 7.261082458496093750e+01 1.770221138000488281e+01 -2.460936737060546875e+01 1.932299957275390625e+02
1.189212292999999931e+01 7.657479095458984375e+01 5.724668884277343750e+01 7.740118408203125000e+01 1.555369758605957031e+01 -2.689819908142089844e+01 1.894240875244140625e+02
1.191647769999999973e+01 7.705638122558593750e+01 5.667359161376953125e+01 8.197589111328125000e+01 1.309271049499511719e+01 -2.813459777832031250e+01 1.844916839599609375e+02
1.194081386000000045e+01 7.750493621826171875e+01 5.579642486572265625e+01 8.626510620117187500e+01 1.118928146362304688e+01 -2.959304046630859375e+01 1.807077941894531250e+02
1.196513408999999939e+01 7.761126708984375000e+01 5.466849136352539062e+01 9.065177154541015625e+01 8.420896530151367188e+00 -3.229957199096679688e+01 1.769603576660156250e+02
1.198943651999999993e+01 7.756611633300781250e+01 5.385943603515625000e+01 9.505374908447265625e+01 5.831511020660400391e+00 -3.321271133422851562e+01 1.733134155273437500e+02
1.201372111999999959e+01 7.778219604492187500e+01 5.315047836303710938e+01 9.930565643310546875e+01 2.951163291931152344e+00 -3.512842559814453125e+01 1.698049163818359375e+02
1.203798693999999969e+01 7.803307342529296875e+01 5.243861007690429688e+01 1.032754058837890625e+02 1.063335418701171875e+00 -3.630421066284179688e+01 1.665053405761718750e+02
1.206223484999999940e+01 7.809066009521484375e+01 5.132265090942382812e+01 1.070582199096679688e+02 -1.068502902984619141e+00 -3.752915954589843750e+01 1.628916168212890625e+02
1.208646571999999964e+01 7.800244903564453125e+01 5.047951126098632812e+01 1.111588668823242188e+02 -2.740878582000732422e+00 -3.859415435791015625e+01 1.601103820800781250e+02
1.211067770000000010e+01 7.792729949951171875e+01 4.957747650146484375e+01 1.149681015014648438e+02 -4.402257919311523438e+00 -3.929325485229492188e+01 1.567075195312500000e+02
1.213487074000000021e+01 7.778183746337890625e+01 4.848412704467773438e+01 1.187416076660156250e+02 -5.438665390014648438e+00 -4.112602996826171875e+01 1.542615051269531250e+02
1.215904753999999954e+01 7.741241455078125000e+01 4.743530654907226562e+01 1.226671905517578125e+02 -5.881191253662109375e+00 -4.277539062500000000e+01 1.524859924316406250e+02
1.218320532999999983e+01 7.718077087402343750e+01 4.671045303344726562e+01 1.268503189086914062e+02 -7.603683948516845703e+00 -4.361121749877929688e+01 1.484185180664062500e+02
1.220734588999999914e+01 7.727639770507812500e+01 4.582889938354492188e+01 1.300897521972656250e+02 -9.392530441284179688e+00 -4.451820373535156250e+01 1.443924713134765625e+02
1.223146737999999978e+01 7.695163726806640625e+01 4.450265884399414062e+01 1.335359954833984375e+02 -1.073161792755126953e+01 -4.513704299926757812e+01 1.425708770751953125e+02
1.225557067000000089e+01 7.665331268310546875e+01 4.323457336425781250e+01 1.371690826416015625e+02 -1.393871784210205078e+01 -4.475148391723632812e+01 1.389223022460937500e+02
1.227965662000000080e+01 7.649401092529296875e+01 4.211634063720703125e+01 1.405892944335937500e+02 -1.482574844360351562e+01 -4.549495315551757812e+01 1.369979400634765625e+02
1.230372340000000086e+01 7.615764617919921875e+01 4.089530181884765625e+01 1.438728942871093750e+02 -1.642543411254882812e+01 -4.565562438964843750e+01 1.339333648681640625e+02
1.232777186999999941e+01 7.583370208740234375e+01 3.940869903564453125e+01 1.469837951660156250e+02 -1.736414718627929688e+01 -4.733513641357421875e+01 1.312959747314453125e+02
1.235180199999999928e+01 7.526791381835937500e+01 3.786713790893554688e+01 1.502885131835937500e+02 -1.885009384155273438e+01 -4.789834976196289062e+01 1.288021087646484375e+02
1.237581375999999977e+01 7.480583190917968750e+01 3.673753738403320312e+01 1.534694671630859375e+02 -1.992851257324218750e+01 -4.857185363769531250e+01 1.266389541625976562e+02
1.239980802000000004e+01 7.453311920166015625e+01 3.565336227416992188e+01 1.563273773193359375e+02 -2.082329368591308594e+01 -4.902194213867187500e+01 1.230623321533203125e+02
1.242378384999999952e+01 7.410981750488281250e+01 3.443730163574218750e+01 1.590594177246093750e+02 -2.227876663208007812e+01 -4.942127609252929688e+01 1.201863937377929688e+02
1.244774031000000036e+01 7.346397399902343750e+01 3.285385131835937500e+01 1.617502441406250000e+02 -2.333001899719238281e+01 -5.022662734985351562e+01 1.172571945190429688e+02
1.247167738999999997e+01 7.281542205810546875e+01 3.144999122619628906e+01 1.647702941894531250e+02 -2.496134185791015625e+01 -5.051894760131835938e+01 1.143211593627929688e+02
1.249559773000000007e+01 7.212845611572265625e+01 3.025524711608886719e+01 1.676641998291015625e+02 -2.584528160095214844e+01 -5.035617446899414062e+01 1.121857757568359375e+02
1.251949950999999928e+01 7.156741333007812500e+01 2.912768745422363281e+01 1.702953948974609375e+02 -2.615014076232910156e+01 -5.038844299316406250e+01 1.099013900756835938e+02
1.254338182000000046e+01 7.113296508789062500e+01 2.785270881652832031e+01 1.726982574462890625e+02 -2.675589561462402344e+01 -5.042102050781250000e+01 1.073404846191406250e+02
1.256724640999999920e+01 7.047405242919921875e+01 2.631471443176269531e+01 1.753524627685546875e+02 -2.757749366760253906e+01 -5.099208450317382812e+01 1.052571716308593750e+02
1.259109057999999948e+01 6.974052429199218750e+01 2.497974777221679688e+01 1.778782348632812500e+02 -2.861426544189453125e+01 -5.095853042602539062e+01 1.032644577026367188e+02
1.261491876000000012e+01 6.893920135498046875e+01 2.384168434143066406e+01 1.806565704345703125e+02 -2.931572341918945312e+01 -5.104083633422851562e+01 1.013793640136718750e+02
1.263872646000000088e+01 6.837281036376953125e+01 2.290878868103027344e+01 1.830249786376953125e+02 -2.965040397644042969e+01 -5.132846069335937500e+01 9.917494964599609375e+01
1.266251543999999996e+01 6.782573699951171875e+01 2.157500267028808594e+01 1.853498687744140625e+02 -3.006361770629882812e+01 -5.152430343627929688e+01 9.679723358154296875e+01
1.268628477999999937e+01 6.716053009033203125e+01 2.027993202209472656e+01 1.876816864013671875e+02 -3.096509742736816406e+01 -5.226721954345703125e+01 9.442975616455078125e+01
1.271003624000000087e+01 6.631131744384765625e+01 1.896577644348144531e+01 1.899406127929687500e+02 -3.192943191528320312e+01 -5.217130661010742188e+01 9.286691284179687500e+01
1.273376979999999925e+01 6.534982299804687500e+01 1.772690963745117188e+01 1.923805694580078125e+02 -3.322155761718750000e+01 -5.186990356445312500e+01 9.168661499023437500e+01
1.275748364000000024e+01 6.447197723388671875e+01 1.663652038574218750e+01 1.948641510009765625e+02 -3.366763305664062500e+01 -5.081787872314453125e+01 8.981913757324218750e+01
1.278117864000000026e+01 6.379486083984375000e+01 1.566622734069824219e+01 1.968448028564453125e+02 -3.374944305419921875e+01 -5.055724334716796875e+01 8.743601989746093750e+01
1.280485565000000037e+01 6.314427185058593750e+01 1.417405319213867188e+01 1.987799530029296875e+02 -3.354927825927734375e+01 -5.060318374633789062e+01 8.540951538085937500e+01
1.282851465999999974e+01 6.230821990966796875e+01 1.251577377319335938e+01 2.007205352783203125e+02 -3.395203018188476562e+01 -5.062060546875000000e+01 8.240322113037109375e+01
1.285215297000000056e+01 6.119052505493164062e+01 1.145261478424072266e+01 2.030182952880859375e+02 -3.421443939208984375e+01 -4.999603271484375000e+01 8.092184448242187500e+01
1.287577059000000013e+01 6.026683807373046875e+01 1.040045166015625000e+01 2.051245117187500000e+02 -3.508306503295898438e+01 -4.975054168701171875e+01 7.944680786132812500e+01
1.289937276999999938e+01 5.944996261596679688e+01 9.116739273071289062e+00 2.068911590576171875e+02 -3.587406921386718750e+01 -4.978114700317382812e+01 7.771778869628906250e+01
1.292295421000000033e+01 5.876253890991210938e+01 7.777070045471191406e+00 2.085226898193359375e+02 -3.606589508056640625e+01 -4.940550613403320312e+01 7.555917358398437500e+01
1.294651664000000046e+01 5.808720779418945312e+01 6.388559818267822266e+00 2.099077148437500000e+02 -3.648676681518554688e+01 -4.933311462402343750e+01 7.222317504882812500e+01
1.297006005000000073e+01 5.720974731445312500e+01 5.039659976959228516e+00 2.117469940185546875e+02 -3.607165527343750000e+01 -4.914778137207031250e+01 7.098884582519531250e+01
1.299358529000000040e+01 5.614394378662109375e+01 3.952651977539062500e+00 2.135172271728515625e+02 -3.672957229614257812e+01 -4.903399658203125000e+01 6.911952209472656250e+01
1.301709147000000044e+01 5.540789031982421875e+01 2.832304954528808594e+00 2.150772247314453125e+02 -3.637433242797851562e+01 -4.807239913940429688e+01 6.703540802001953125e+01
1.304057768000000017e+01 5.462448883056640625e+01 1.827005386352539062e+00 2.165669708251953125e+02 -3.644227981567382812e+01 -4.802264785766601562e+01 6.543627929687500000e+01
1.306404479000000052e+01 5.373400115966796875e+01 5.133111476898193359e-01 2.179935607910156250e+02 -3.691757965087890625e+01 -4.717424774169921875e+01 6.336264801025390625e+01
1.308749189000000079e+01 5.269865036010742188e+01 -5.514281988143920898e-01 2.196621551513671875e+02 -3.749282836914062500e+01 -4.657837295532226562e+01 6.189577102661132812e+01
1.311092249000000010e+01 5.186853027343750000e+01 -1.522691011428833008e+00 2.211410217285156250e+02 -3.784366989135742188e+01 -4.633586883544921875e+01 6.017558288574218750e+01
1.313433129999999949e+01 5.089330291748046875e+01 -2.601861238479614258e+00 2.226460418701171875e+02 -3.835446929931640625e+01 -4.626074981689453125e+01 5.851709747314453125e+01
1.315772180999999996e+01 5.001189041137695312e+01 -3.579766988754272461e+00 2.241024017333984375e+02 -3.855863189697265625e+01 -4.589847183227539062e+01 5.653513717651367188e+01
1.318109487000000080e+01 4.917978668212890625e+01 -4.703435897827148438e+00 2.253598480224609375e+02 -3.886925506591796875e+01 -4.589619445800781250e+01 5.491928863525390625e+01
1.320444610000000019e+01 4.813425445556640625e+01 -6.108827590942382812e+00 2.267704925537109375e+02 -3.917455291748046875e+01 -4.521331024169921875e+01 5.329399108886718750e+01
1.322777984999999923e+01 4.699467468261718750e+01 -7.157581329345703125e+00 2.282673797607421875e+02 -4.031622314453125000e+01 -4.525557327270507812e+01 5.267457580566406250e+01
1.325109261000000060e+01 4.616016006469726562e+01 -8.179613113403320312e+00 2.294664306640625000e+02 -3.990664672851562500e+01 -4.521586608886718750e+01 5.009445571899414062e+01
1.327438873000000008e+01 4.523956298828125000e+01 -9.023748397827148438e+00 2.306001892089843750e+02 -3.971290588378906250e+01 -4.558374786376953125e+01 4.833976745605468750e+01
1.329766294999999943e+01 4.418710327148437500e+01 -1.036226177215576172e+01 2.316910858154296875e+02 -4.034815979003906250e+01 -4.550568389892578125e+01 4.708206176757812500e+01
1.332091963000000057e+01 4.319911956787109375e+01 -1.165209484100341797e+01 2.327464294433593750e+02 -4.105882644653320312e+01 -4.572411346435546875e+01 4.451184844970703125e+01
1.334415700999999999e+01 4.223801040649414062e+01 -1.275639438629150391e+01 2.337660522460937500e+02 -4.098751449584960938e+01 -4.543960952758789062e+01 4.329914093017578125e+01
1.336737418999999960e+01 4.126591110229492188e+01 -1.385665035247802734e+01 2.346509246826171875e+02 -4.149684143066406250e+01 -4.575470352172851562e+01 4.016710662841796875e+01
1.339057204999999939e+01 4.045790100097656250e+01 -1.503657436370849609e+01 2.353623657226562500e+02 -4.184474563598632812e+01 -4.599516677856445312e+01 3.791310882568359375e+01
1.341375142999999959e+01 3.944112777709960938e+01 -1.612114143371582031e+01 2.361205902099609375e+02 -4.230691909790039062e+01 -4.595894241333007812e+01 3.612232208251953125e+01
1.343691057999999927e+01 3.858887481689453125e+01 -1.704876708984375000e+01 2.367807769775390625e+02 -4.257764434814453125e+01 -4.553181838989257812e+01 3.388479232788085938e+01
1.346005122000000043e+01 3.755001068115234375e+01 -1.800227737426757812e+01 2.375107116699218750e+02 -4.289109420776367188e+01 -4.588638305664062500e+01 3.269205093383789062e+01
1.348317074999999932e+01 3.661484909057617188e+01 -1.901243972778320312e+01 2.383183746337890625e+02 -4.355730056762695312e+01 -4.640473175048828125e+01 3.059463691711425781e+01
1.350627262000000073e+01 3.556131744384765625e+01 -2.013324928283691406e+01 2.391351013183593750e+02 -4.383151245117187500e+01 -4.507056427001953125e+01 2.884783363342285156e+01
1.352935420999999927e+01 3.439654541015625000e+01 -2.091162300109863281e+01 2.399147491455078125e+02 -4.409321594238281250e+01 -4.504282379150390625e+01 2.747847175598144531e+01
1.355241724999999953e+01 3.332792663574218750e+01 -2.183102416992187500e+01 2.406109924316406250e+02 -4.435820770263671875e+01 -4.513466262817382812e+01 2.576339912414550781e+01
1.357546085000000069e+01 3.237907791137695312e+01 -2.300781250000000000e+01 2.411076812744140625e+02 -4.532488250732421875e+01 -4.632401275634765625e+01 2.512466430664062500e+01
1.359848329000000078e+01 3.128794288635253906e+01 -2.423463630676269531e+01 2.416665344238281250e+02 -4.552117538452148438e+01 -4.634667205810546875e+01 2.216020393371582031e+01
1.362148799999999937e+01 3.009253311157226562e+01 -2.535696220397949219e+01 2.423497314453125000e+02 -4.776446151733398438e+01 -4.723206329345703125e+01 2.133424949645996094e+01
1.364447239999999972e+01 2.886211204528808594e+01 -2.635876464843750000e+01 2.429718475341796875e+02 -4.849000549316406250e+01 -4.767912673950195312e+01 1.955412673950195312e+01
1.366743817999999955e+01 2.788375854492187500e+01 -2.751890945434570312e+01 2.432764739990234375e+02 -4.582822036743164062e+01 -4.718688964843750000e+01 1.722235107421875000e+01
1.369038276000000032e+01 2.681659317016601562e+01 -2.884591484069824219e+01 2.435652618408203125e+02 -4.585238647460937500e+01 -4.755591583251953125e+01 1.530953979492187500e+01
1.371330956999999984e+01 2.559011840820312500e+01 -3.023932647705078125e+01 2.438303680419921875e+02 -4.646728515625000000e+01 -4.831933975219726562e+01 1.293515968322753906e+01
1.371560151999999988e+01 2.446878623962402344e+01 -3.133283805847167969e+01 2.441730651855468750e+02 -4.692488861083984375e+01 -4.903221511840820312e+01 1.125609588623046875e+01
1.371789155999999998e+01 2.440247917175292969e+01 -3.140805053710937500e+01 2.442120208740234375e+02 -4.689952087402343750e+01 -4.889717102050781250e+01 1.064751052856445312e+01
1.372018311999999973e+01 2.418789863586425781e+01 -3.163152885437011719e+01 2.441651306152343750e+02 -4.710424423217773438e+01 -4.898221969604492188e+01 1.092308235168457031e+01
1.372247448999999975e+01 2.416053962707519531e+01 -3.165218162536621094e+01 2.442352752685546875e+02 -4.679623031616210938e+01 -4.879346466064453125e+01 1.019662475585937500e+01
1.372476565999999920e+01 2.403170585632324219e+01 -3.183674240112304688e+01 2.442429962158203125e+02 -4.682511901855468750e+01 -4.881586456298828125e+01 9.955909729003906250e+00
1.372705664000000070e+01 2.386379623413085938e+01 -3.200574493408203125e+01 2.440945587158203125e+02 -4.729666137695312500e+01 -4.903719711303710938e+01 9.584587097167968750e+00
1.372934655999999976e+01 2.382075691223144531e+01 -3.198742675781250000e+01 2.442818298339843750e+02 -4.680970382690429688e+01 -4.890578842163085938e+01 9.496093750000000000e+00
1.373163543000000075e+01 2.370742034912109375e+01 -3.214088821411132812e+01 2.442816925048828125e+02 -4.722753906250000000e+01 -4.829606628417968750e+01 9.294847488403320312e+00
1.373392583000000045e+01 2.360966491699218750e+01 -3.228658676147460938e+01 2.443283996582031250e+02 -4.645430374145507812e+01 -4.983581161499023438e+01 8.666797637939453125e+00
1.373621602000000053e+01 2.349625778198242188e+01 -3.254169464111328125e+01 2.441798706054687500e+02 -4.750213623046875000e+01 -4.946299743652343750e+01 8.405456542968750000e+00
