6.456227479999999908e+00 9.032894134521484375e+01 1.792115173339843750e+02 -1.266684646606445312e+02 -2.107436180114746094e+01 -6.097022247314453125e+01 1.737689781188964844e+01
6.482226409999999994e+00 8.951634979248046875e+01 1.778805847167968750e+02 -1.261024627685546875e+02 -2.241805648803710938e+01 -6.070432662963867188e+01 1.631652069091796875e+01
6.508233849999999876e+00 8.877748107910156250e+01 1.765090789794921875e+02 -1.258556060791015625e+02 -2.502269172668457031e+01 -6.097139739990234375e+01 1.584993934631347656e+01
6.534250570000000202e+00 8.797348785400390625e+01 1.750587310791015625e+02 -1.255162811279296875e+02 -2.754371643066406250e+01 -6.168563842773437500e+01 1.524301052093505859e+01
6.560274390000000011e+00 8.704441833496093750e+01 1.732870788574218750e+02 -1.250115509033203125e+02 -2.976767730712890625e+01 -6.284370422363281250e+01 1.527368259429931641e+01
6.586306079999999952e+00 8.616371917724609375e+01 1.717275390625000000e+02 -1.243740844726562500e+02 -3.027539825439453125e+01 -6.312668991088867188e+01 1.517820358276367188e+01
6.612346399999999846e+00 8.513980865478515625e+01 1.701260070800781250e+02 -1.240635452270507812e+02 -3.132790756225585938e+01 -6.385264205932617188e+01 1.499609184265136719e+01
6.638393169999999621e+00 8.403572845458984375e+01 1.685764312744140625e+02 -1.237405395507812500e+02 -3.215820312500000000e+01 -6.489129638671875000e+01 1.538475418090820312e+01
6.664447169999999865e+00 8.290661621093750000e+01 1.670793304443359375e+02 -1.234178466796875000e+02 -3.306020355224609375e+01 -6.569265747070312500e+01 1.550279617309570312e+01
6.690508190000000077e+00 8.196322631835937500e+01 1.652478790283203125e+02 -1.230180130004882812e+02 -3.327103424072265625e+01 -6.702876281738281250e+01 1.600862121582031250e+01
6.716576970000000202e+00 8.090077209472656250e+01 1.634635009765625000e+02 -1.224886245727539062e+02 -3.334386444091796875e+01 -6.883805084228515625e+01 1.623782730102539062e+01
6.742651369999999922e+00 7.993470764160156250e+01 1.614625701904296875e+02 -1.221099624633789062e+02 -3.344535064697265625e+01 -7.207901000976562500e+01 1.695007705688476562e+01
6.768732149999999947e+00 7.889664459228515625e+01 1.594474639892578125e+02 -1.217358093261718750e+02 -3.424369812011718750e+01 -7.545967102050781250e+01 1.916124343872070312e+01
6.794819099999999779e+00 7.776422882080078125e+01 1.571133575439453125e+02 -1.211223602294921875e+02 -3.495122909545898438e+01 -7.748271942138671875e+01 2.312744903564453125e+01
6.820912980000000125e+00 7.661968994140625000e+01 1.549685363769531250e+02 -1.203637008666992188e+02 -3.493909454345703125e+01 -7.866356658935546875e+01 2.837841796875000000e+01
6.847012630000000044e+00 7.557684326171875000e+01 1.531855316162109375e+02 -1.194148254394531250e+02 -3.319517517089843750e+01 -7.964406585693359375e+01 3.293880844116210938e+01
6.873115860000000410e+00 7.462342071533203125e+01 1.513942413330078125e+02 -1.185288467407226562e+02 -3.044088554382324219e+01 -8.118387603759765625e+01 3.709158706665039062e+01
6.899226389999999931e+00 7.389239501953125000e+01 1.494714660644531250e+02 -1.172968597412109375e+02 -2.658223342895507812e+01 -8.289602661132812500e+01 4.097008514404296875e+01
6.925341089999999866e+00 7.345634460449218750e+01 1.476678619384765625e+02 -1.159676589965820312e+02 -2.234181594848632812e+01 -8.389398193359375000e+01 4.477771759033203125e+01
6.951461690000000360e+00 7.312738800048828125e+01 1.457897644042968750e+02 -1.146069869995117188e+02 -1.888966369628906250e+01 -8.480824279785156250e+01 4.881753158569335938e+01
6.977586050000000206e+00 7.333280181884765625e+01 1.439564819335937500e+02 -1.132767944335937500e+02 -1.690108871459960938e+01 -8.609623718261718750e+01 5.233299255371093750e+01
7.003714940000000055e+00 7.327100372314453125e+01 1.416786499023437500e+02 -1.118081970214843750e+02 -1.626038742065429688e+01 -8.771918487548828125e+01 5.521177673339843750e+01
7.029849139999999608e+00 7.318537902832031250e+01 1.392250518798828125e+02 -1.103385620117187500e+02 -1.596194744110107422e+01 -8.983867645263671875e+01 5.772950744628906250e+01
7.055985510000000183e+00 7.294585418701171875e+01 1.365853881835937500e+02 -1.086484832763671875e+02 -1.302925586700439453e+01 -8.904564666748046875e+01 5.933892440795898438e+01
7.082127759999999661e+00 7.252424621582031250e+01 1.339558715820312500e+02 -1.070775680541992188e+02 -1.203510093688964844e+01 -9.056962585449218750e+01 6.038471984863281250e+01
7.108273750000000391e+00 7.206764984130859375e+01 1.311520385742187500e+02 -1.052575912475585938e+02 -1.400413513183593750e+01 -9.336967468261718750e+01 6.080502319335937500e+01
7.134422279999999894e+00 7.133647918701171875e+01 1.285655212402343750e+02 -1.034168930053710938e+02 -2.023100662231445312e+01 -9.704534149169921875e+01 6.151612091064453125e+01
7.160574160000000354e+00 7.043714904785156250e+01 1.260668716430664062e+02 -1.015916061401367188e+02 -2.384454154968261719e+01 -9.950012969970703125e+01 6.297428131103515625e+01
7.186729180000000383e+00 6.961808013916015625e+01 1.234299774169921875e+02 -9.961852264404296875e+01 -2.677914810180664062e+01 -1.006873016357421875e+02 6.377626037597656250e+01
7.212888119999999681e+00 6.837911987304687500e+01 1.206127929687500000e+02 -9.785617828369140625e+01 -3.011600303649902344e+01 -1.045310440063476562e+02 6.462532043457031250e+01
7.239048839999999707e+00 6.723280334472656250e+01 1.177509994506835938e+02 -9.584075927734375000e+01 -3.382254028320312500e+01 -1.094274139404296875e+02 6.585890197753906250e+01
7.265212110000000223e+00 6.613416290283203125e+01 1.147619552612304688e+02 -9.390447235107421875e+01 -3.594341659545898438e+01 -1.148447875976562500e+02 6.896308135986328125e+01
7.291377759999999597e+00 6.516165924072265625e+01 1.116447143554687500e+02 -9.206638336181640625e+01 -3.786074447631835938e+01 -1.172331619262695312e+02 7.052597045898437500e+01
7.317546560000000255e+00 6.428879547119140625e+01 1.083478088378906250e+02 -9.037345886230468750e+01 -3.820730972290039062e+01 -1.206376724243164062e+02 7.151294708251953125e+01
7.343716360000000165e+00 6.347485351562500000e+01 1.051283493041992188e+02 -8.870233154296875000e+01 -3.849729156494140625e+01 -1.264622726440429688e+02 7.235658264160156250e+01
7.369888949999999994e+00 6.264171981811523438e+01 1.016956100463867188e+02 -8.719675445556640625e+01 -3.995861434936523438e+01 -1.291162567138671875e+02 7.096244812011718750e+01
7.396062159999999608e+00 6.173357772827148438e+01 9.781134033203125000e+01 -8.585811614990234375e+01 -4.224684906005859375e+01 -1.352733612060546875e+02 7.269055938720703125e+01
7.422236800000000301e+00 6.036835861206054688e+01 9.350000000000000000e+01 -8.403182220458984375e+01 -4.503010177612304688e+01 -1.444807586669921875e+02 7.866647338867187500e+01
7.448412669999999736e+00 5.885033798217773438e+01 8.939279937744140625e+01 -8.191462707519531250e+01 -4.945770645141601562e+01 -1.444452667236328125e+02 8.157018280029296875e+01
7.474590570000000156e+00 5.724850463867187500e+01 8.526701354980468750e+01 -7.934991455078125000e+01 -5.035268020629882812e+01 -1.486492004394531250e+02 8.824703979492187500e+01
7.500767370000000156e+00 5.556229019165039062e+01 8.123528289794921875e+01 -7.673289489746093750e+01 -5.460504150390625000e+01 -1.468914337158203125e+02 9.125751495361328125e+01
7.526946820000000038e+00 5.365940856933593750e+01 7.743959045410156250e+01 -7.388455200195312500e+01 -5.733779907226562500e+01 -1.478080139160156250e+02 9.524930572509765625e+01
7.553126770000000434e+00 5.172682571411132812e+01 7.400458526611328125e+01 -7.101535797119140625e+01 -6.110235595703125000e+01 -1.508469085693359375e+02 9.948148345947265625e+01
7.579306049999999573e+00 5.002437973022460938e+01 7.039435577392578125e+01 -6.834270477294921875e+01 -6.353318786621093750e+01 -1.524710540771484375e+02 1.031627044677734375e+02
7.605485469999999637e+00 4.831226348876953125e+01 6.670722961425781250e+01 -6.585407257080078125e+01 -6.815396881103515625e+01 -1.538707275390625000e+02 1.054743423461914062e+02
7.631664849999999944e+00 4.657146072387695312e+01 6.270514678955078125e+01 -6.329441833496093750e+01 -7.233657836914062500e+01 -1.572991485595703125e+02 1.097915267944335938e+02
7.657843999999999873e+00 4.450640487670898438e+01 5.843818283081054688e+01 -6.060608673095703125e+01 -7.714982604980468750e+01 -1.607212219238281250e+02 1.141398162841796875e+02
7.684023729999999830e+00 4.243471527099609375e+01 5.375159454345703125e+01 -5.779299545288085938e+01 -8.132258605957031250e+01 -1.643218383789062500e+02 1.179087524414062500e+02
7.710202889999999698e+00 4.005467605590820312e+01 4.938463973999023438e+01 -5.471536636352539062e+01 -8.513411712646484375e+01 -1.689089965820312500e+02 1.220818252563476562e+02
7.736379330000000110e+00 3.758486938476562500e+01 4.466774749755859375e+01 -5.168819808959960938e+01 -8.974307250976562500e+01 -1.742276916503906250e+02 1.270583648681640625e+02
7.762556810000000418e+00 3.491877365112304688e+01 3.992092514038085938e+01 -4.815834808349609375e+01 -9.392968750000000000e+01 -1.779868927001953125e+02 1.324418334960937500e+02
7.788733180000000367e+00 3.231563568115234375e+01 3.491246795654296875e+01 -4.467715072631835938e+01 -9.844886779785156250e+01 -1.829088439941406250e+02 1.391087646484375000e+02
7.814907289999999840e+00 2.919532585144042969e+01 2.972280693054199219e+01 -4.053374099731445312e+01 -1.037263565063476562e+02 -1.888957061767578125e+02 1.479175262451171875e+02
7.841079960000000071e+00 2.596636199951171875e+01 2.419063568115234375e+01 -3.635873031616210938e+01 -1.108327102661132812e+02 -1.940328063964843750e+02 1.569372253417968750e+02
7.867251979999999811e+00 2.238483047485351562e+01 1.841568183898925781e+01 -3.167536163330078125e+01 -1.196711425781250000e+02 -1.997603912353515625e+02 1.691034240722656250e+02
7.893420260000000077e+00 1.831648063659667969e+01 1.245969295501708984e+01 -2.656767463684082031e+01 -1.296642150878906250e+02 -2.042124328613281250e+02 1.846577758789062500e+02
7.919589509999999777e+00 1.483332538604736328e+01 7.333549022674560547e+00 -2.121840286254882812e+01 -1.377897033691406250e+02 -2.024327545166015625e+02 1.982426452636718750e+02
7.945754680000000292e+00 1.045484066009521484e+01 1.411624073982238770e+00 -1.499360466003417969e+01 -1.415484313964843750e+02 -1.842561187744140625e+02 2.025379943847656250e+02
7.971917549999999686e+00 6.014629840850830078e+00 -3.390599966049194336e+00 -7.862260818481445312e+00 -1.424909515380859375e+02 -1.422007904052734375e+02 2.039761505126953125e+02
7.998077959999999820e+00 -1.477905921638011932e-02 -7.601363182067871094e+00 1.029607772827148438e+00 -1.424413909912109375e+02 -7.928741455078125000e+01 2.084571838378906250e+02
8.024235739999999950e+00 -6.296962261199951172e+00 -9.314564704895019531e+00 9.576321601867675781e+00 -1.445828704833984375e+02 -4.534698104858398438e+01 2.027116241455078125e+02
8.050391709999999534e+00 -1.094222831726074219e+01 -1.000149345397949219e+01 1.624500083923339844e+01 -1.549777374267578125e+02 -2.201938819885253906e+01 2.165958099365234375e+02
8.076543739999999971e+00 -1.514416980743408203e+01 -9.862820625305175781e+00 2.190469360351562500e+01 -1.497490081787109375e+02 -6.094143390655517578e+00 2.042824401855468750e+02
8.102692649999999830e+00 -1.884952163696289062e+01 -9.817873954772949219e+00 2.575637054443359375e+01 -1.424819793701171875e+02 7.802261829376220703e+00 1.704776153564453125e+02
8.128838280000000083e+00 -2.229385185241699219e+01 -1.033129692077636719e+01 2.989640998840332031e+01 -1.246389999389648438e+02 1.418655872344970703e+01 1.421179809570312500e+02
8.154981449999999299e+00 -2.477493095397949219e+01 -1.044707965850830078e+01 3.339164733886718750e+01 -1.021149215698242188e+02 1.287805938720703125e+01 1.226565780639648438e+02
8.181120039999999705e+00 -2.720289993286132812e+01 -1.080395317077636719e+01 3.652788925170898438e+01 -7.944487762451171875e+01 9.237219810485839844e+00 1.069903793334960938e+02
8.207255840000000191e+00 -2.933603668212890625e+01 -1.137355709075927734e+01 3.860375213623046875e+01 -6.137650680541992188e+01 1.265681266784667969e+01 9.843470001220703125e+01
8.233386749999999310e+00 -3.089999389648437500e+01 -1.152262973785400391e+01 4.074990463256835938e+01 -4.727468490600585938e+01 1.357548809051513672e+01 8.761466217041015625e+01
8.259513580000000132e+00 -3.252687072753906250e+01 -1.161168766021728516e+01 4.301223754882812500e+01 -3.884804153442382812e+01 1.422973918914794922e+01 7.464448547363281250e+01
8.285636179999999129e+00 -3.321456909179687500e+01 -1.149345684051513672e+01 4.491055297851562500e+01 -3.327438735961914062e+01 1.719307136535644531e+01 5.617993164062500000e+01
8.311754390000000825e+00 -3.386972427368164062e+01 -1.094814872741699219e+01 4.616799163818359375e+01 -2.733750724792480469e+01 1.977552032470703125e+01 4.113585662841796875e+01
8.337869039999999288e+00 -3.388659667968750000e+01 -1.090883827209472656e+01 4.618956756591796875e+01 -1.845198631286621094e+01 2.342140197753906250e+01 3.223819732666015625e+01
8.363978010000000296e+00 -3.404085159301757812e+01 -1.041525554656982422e+01 4.692985916137695312e+01 -1.006905651092529297e+01 2.637874412536621094e+01 2.007625198364257812e+01
8.390083110000000843e+00 -3.399605560302734375e+01 -1.022080230712890625e+01 4.714146804809570312e+01 -1.767975807189941406e+00 2.954860305786132812e+01 6.475887775421142578e+00
8.416182239999999481e+00 -3.459131240844726562e+01 -9.897144317626953125e+00 4.724592208862304688e+01 3.664840936660766602e+00 3.061011695861816406e+01 -1.784228324890136719e+00
8.442277199999999482e+00 0.000000000000000000e+00 0.000000000000000000e+00 0.000000000000000000e+00 0.000000000000000000e+00 0.000000000000000000e+00 0.000000000000000000e+00
8.468365880000000345e+00 0.000000000000000000e+00 0.000000000000000000e+00 0.000000000000000000e+00 0.000000000000000000e+00 0.000000000000000000e+00 0.000000000000000000e+00
8.494449109999999692e+00 0.000000000000000000e+00 0.000000000000000000e+00 0.000000000000000000e+00 0.000000000000000000e+00 0.000000000000000000e+00 0.000000000000000000e+00
8.520526750000000149e+00 0.000000000000000000e+00 0.000000000000000000e+00 0.000000000000000000e+00 0.000000000000000000e+00 0.000000000000000000e+00 0.000000000000000000e+00
8.546599620000000286e+00 0.000000000000000000e+00 0.000000000000000000e+00 0.000000000000000000e+00 0.000000000000000000e+00 0.000000000000000000e+00 0.000000000000000000e+00
8.572665629999999481e+00 0.000000000000000000e+00 0.000000000000000000e+00 0.000000000000000000e+00 0.000000000000000000e+00 0.000000000000000000e+00 0.000000000000000000e+00
8.598725610000000685e+00 0.000000000000000000e+00 0.000000000000000000e+00 0.000000000000000000e+00 0.000000000000000000e+00 0.000000000000000000e+00 0.000000000000000000e+00
8.624779410000000368e+00 0.000000000000000000e+00 0.000000000000000000e+00 0.000000000000000000e+00 0.000000000000000000e+00 0.000000000000000000e+00 0.000000000000000000e+00
8.650827870000000530e+00 0.000000000000000000e+00 0.000000000000000000e+00 0.000000000000000000e+00 0.000000000000000000e+00 0.000000000000000000e+00 0.000000000000000000e+00
8.676868900000000551e+00 0.000000000000000000e+00 0.000000000000000000e+00 0.000000000000000000e+00 0.000000000000000000e+00 0.000000000000000000e+00 0.000000000000000000e+00
8.702904289999999321e+00 0.000000000000000000e+00 0.000000000000000000e+00 0.000000000000000000e+00 0.000000000000000000e+00 0.000000000000000000e+00 0.000000000000000000e+00
8.728931969999999652e+00 0.000000000000000000e+00 0.000000000000000000e+00 0.000000000000000000e+00 0.000000000000000000e+00 0.000000000000000000e+00 0.000000000000000000e+00
8.754952779999999990e+00 0.000000000000000000e+00 0.000000000000000000e+00 0.000000000000000000e+00 0.000000000000000000e+00 0.000000000000000000e+00 0.000000000000000000e+00
8.780966559999999532e+00 0.000000000000000000e+00 0.000000000000000000e+00 0.000000000000000000e+00 0.000000000000000000e+00 0.000000000000000000e+00 0.000000000000000000e+00
8.806974159999999330e+00 0.000000000000000000e+00 0.000000000000000000e+00 0.000000000000000000e+00 0.000000000000000000e+00 0.000000000000000000e+00 0.000000000000000000e+00
8.832972520000000216e+00 0.000000000000000000e+00 0.000000000000000000e+00 0.000000000000000000e+00 0.000000000000000000e+00 0.000000000000000000e+00 0.000000000000000000e+00
8.858966369999999202e+00 0.000000000000000000e+00 0.000000000000000000e+00 0.000000000000000000e+00 0.000000000000000000e+00 0.000000000000000000e+00 0.000000000000000000e+00
8.884950720000000857e+00 0.000000000000000000e+00 0.000000000000000000e+00 0.000000000000000000e+00 0.000000000000000000e+00 0.000000000000000000e+00 0.000000000000000000e+00
8.910927369999999570e+00 0.000000000000000000e+00 0.000000000000000000e+00 0.000000000000000000e+00 0.000000000000000000e+00 0.000000000000000000e+00 0.000000000000000000e+00
8.936896190000000573e+00 0.000000000000000000e+00 0.000000000000000000e+00 0.000000000000000000e+00 0.000000000000000000e+00 0.000000000000000000e+00 0.000000000000000000e+00
8.962858029999999587e+00 0.000000000000000000e+00 0.000000000000000000e+00 0.000000000000000000e+00 0.000000000000000000e+00 0.000000000000000000e+00 0.000000000000000000e+00
8.988810799999999546e+00 0.000000000000000000e+00 0.000000000000000000e+00 0.000000000000000000e+00 0.000000000000000000e+00 0.000000000000000000e+00 0.000000000000000000e+00
9.014755349999999723e+00 0.000000000000000000e+00 0.000000000000000000e+00 0.000000000000000000e+00 0.000000000000000000e+00 0.000000000000000000e+00 0.000000000000000000e+00
9.040692529999999394e+00 0.000000000000000000e+00 0.000000000000000000e+00 0.000000000000000000e+00 0.000000000000000000e+00 0.000000000000000000e+00 0.000000000000000000e+00
9.066620249999999714e+00 0.000000000000000000e+00 0.000000000000000000e+00 0.000000000000000000e+00 0.000000000000000000e+00 0.000000000000000000e+00 0.000000000000000000e+00
9.092539379999999838e+00 0.000000000000000000e+00 0.000000000000000000e+00 0.000000000000000000e+00 0.000000000000000000e+00 0.000000000000000000e+00 0.000000000000000000e+00
9.118450740000000110e+00 0.000000000000000000e+00 0.000000000000000000e+00 0.000000000000000000e+00 0.000000000000000000e+00 0.000000000000000000e+00 0.000000000000000000e+00
9.144352279999999666e+00 0.000000000000000000e+00 0.000000000000000000e+00 0.000000000000000000e+00 0.000000000000000000e+00 0.000000000000000000e+00 0.000000000000000000e+00
9.170244840000000508e+00 0.000000000000000000e+00 0.000000000000000000e+00 0.000000000000000000e+00 0.000000000000000000e+00 0.000000000000000000e+00 0.000000000000000000e+00
9.196129259999999306e+00 0.000000000000000000e+00 0.000000000000000000e+00 0.000000000000000000e+00 0.000000000000000000e+00 0.000000000000000000e+00 0.000000000000000000e+00
9.222003490000000525e+00 0.000000000000000000e+00 0.000000000000000000e+00 0.000000000000000000e+00 0.000000000000000000e+00 0.000000000000000000e+00 0.000000000000000000e+00
9.247867409999999566e+00 0.000000000000000000e+00 0.000000000000000000e+00 0.000000000000000000e+00 0.000000000000000000e+00 0.000000000000000000e+00 0.000000000000000000e+00
9.273723790000000022e+00 0.000000000000000000e+00 0.000000000000000000e+00 0.000000000000000000e+00 0.000000000000000000e+00 0.000000000000000000e+00 0.000000000000000000e+00
9.299569619999999759e+00 0.000000000000000000e+00 0.000000000000000000e+00 0.000000000000000000e+00 0.000000000000000000e+00 0.000000000000000000e+00 0.000000000000000000e+00
9.325406720000000149e+00 0.000000000000000000e+00 0.000000000000000000e+00 0.000000000000000000e+00 0.000000000000000000e+00 0.000000000000000000e+00 0.000000000000000000e+00
9.351233020000000451e+00 0.000000000000000000e+00 0.000000000000000000e+00 0.000000000000000000e+00 0.000000000000000000e+00 0.000000000000000000e+00 0.000000000000000000e+00
9.377049380000000767e+00 0.000000000000000000e+00 0.000000000000000000e+00 0.000000000000000000e+00 0.000000000000000000e+00 0.000000000000000000e+00 0.000000000000000000e+00
9.402856639999999544e+00 0.000000000000000000e+00 0.000000000000000000e+00 0.000000000000000000e+00 0.000000000000000000e+00 0.000000000000000000e+00 0.000000000000000000e+00
9.428653739999999672e+00 0.000000000000000000e+00 0.000000000000000000e+00 0.000000000000000000e+00 0.000000000000000000e+00 0.000000000000000000e+00 0.000000000000000000e+00
9.454439580000000731e+00 0.000000000000000000e+00 0.000000000000000000e+00 0.000000000000000000e+00 0.000000000000000000e+00 0.000000000000000000e+00 0.000000000000000000e+00
9.480215019999999271e+00 0.000000000000000000e+00 0.000000000000000000e+00 0.000000000000000000e+00 0.000000000000000000e+00 0.000000000000000000e+00 0.000000000000000000e+00
9.505979950000000400e+00 0.000000000000000000e+00 0.000000000000000000e+00 0.000000000000000000e+00 0.000000000000000000e+00 0.000000000000000000e+00 0.000000000000000000e+00
9.531734260000000347e+00 0.000000000000000000e+00 0.000000000000000000e+00 0.000000000000000000e+00 0.000000000000000000e+00 0.000000000000000000e+00 0.000000000000000000e+00
9.557478789999999336e+00 0.000000000000000000e+00 0.000000000000000000e+00 0.000000000000000000e+00 0.000000000000000000e+00 0.000000000000000000e+00 0.000000000000000000e+00
9.583211520000000760e+00 0.000000000000000000e+00 0.000000000000000000e+00 0.000000000000000000e+00 0.000000000000000000e+00 0.000000000000000000e+00 0.000000000000000000e+00
9.608933289999999516e+00 0.000000000000000000e+00 0.000000000000000000e+00 0.000000000000000000e+00 0.000000000000000000e+00 0.000000000000000000e+00 0.000000000000000000e+00
9.634643990000000713e+00 0.000000000000000000e+00 0.000000000000000000e+00 0.000000000000000000e+00 0.000000000000000000e+00 0.000000000000000000e+00 0.000000000000000000e+00
9.660343530000000456e+00 0.000000000000000000e+00 0.000000000000000000e+00 0.000000000000000000e+00 0.000000000000000000e+00 0.000000000000000000e+00 0.000000000000000000e+00
9.686032759999999797e+00 0.000000000000000000e+00 0.000000000000000000e+00 0.000000000000000000e+00 0.000000000000000000e+00 0.000000000000000000e+00 0.000000000000000000e+00
9.711709629999999649e+00 0.000000000000000000e+00 0.000000000000000000e+00 0.000000000000000000e+00 0.000000000000000000e+00 0.000000000000000000e+00 0.000000000000000000e+00
9.737375990000000314e+00 0.000000000000000000e+00 0.000000000000000000e+00 0.000000000000000000e+00 0.000000000000000000e+00 0.000000000000000000e+00 0.000000000000000000e+00
9.763030750000000424e+00 0.000000000000000000e+00 0.000000000000000000e+00 0.000000000000000000e+00 0.000000000000000000e+00 0.000000000000000000e+00 0.000000000000000000e+00
9.788671900000000647e+00 0.000000000000000000e+00 0.000000000000000000e+00 0.000000000000000000e+00 0.000000000000000000e+00 0.000000000000000000e+00 0.000000000000000000e+00
9.814303170000000520e+00 0.000000000000000000e+00 0.000000000000000000e+00 0.000000000000000000e+00 0.000000000000000000e+00 0.000000000000000000e+00 0.000000000000000000e+00
9.839921580000000390e+00 0.000000000000000000e+00 0.000000000000000000e+00 0.000000000000000000e+00 0.000000000000000000e+00 0.000000000000000000e+00 0.000000000000000000e+00
9.865527999999999409e+00 0.000000000000000000e+00 0.000000000000000000e+00 0.000000000000000000e+00 0.000000000000000000e+00 0.000000000000000000e+00 0.000000000000000000e+00
9.891123269999999579e+00 0.000000000000000000e+00 0.000000000000000000e+00 0.000000000000000000e+00 0.000000000000000000e+00 0.000000000000000000e+00 0.000000000000000000e+00
9.916706350000000114e+00 0.000000000000000000e+00 0.000000000000000000e+00 0.000000000000000000e+00 0.000000000000000000e+00 0.000000000000000000e+00 0.000000000000000000e+00
9.942275220000000857e+00 0.000000000000000000e+00 0.000000000000000000e+00 0.000000000000000000e+00 0.000000000000000000e+00 0.000000000000000000e+00 0.000000000000000000e+00
9.967832659999999123e+00 0.000000000000000000e+00 0.000000000000000000e+00 0.000000000000000000e+00 0.000000000000000000e+00 0.000000000000000000e+00 0.000000000000000000e+00
9.993379519999999516e+00 0.000000000000000000e+00 0.000000000000000000e+00 0.000000000000000000e+00 0.000000000000000000e+00 0.000000000000000000e+00 0.000000000000000000e+00
1.001891093000000055e+01 0.000000000000000000e+00 0.000000000000000000e+00 0.000000000000000000e+00 0.000000000000000000e+00 0.000000000000000000e+00 0.000000000000000000e+00
1.004443157000000042e+01 0.000000000000000000e+00 0.000000000000000000e+00 0.000000000000000000e+00 0.000000000000000000e+00 0.000000000000000000e+00 0.000000000000000000e+00
1.006993849000000019e+01 0.000000000000000000e+00 0.000000000000000000e+00 0.000000000000000000e+00 0.000000000000000000e+00 0.000000000000000000e+00 0.000000000000000000e+00
1.009543348999999957e+01 0.000000000000000000e+00 0.000000000000000000e+00 0.000000000000000000e+00 0.000000000000000000e+00 0.000000000000000000e+00 0.000000000000000000e+00
1.012091363000000044e+01 0.000000000000000000e+00 0.000000000000000000e+00 0.000000000000000000e+00 0.000000000000000000e+00 0.000000000000000000e+00 0.000000000000000000e+00
1.014638262999999974e+01 0.000000000000000000e+00 0.000000000000000000e+00 0.000000000000000000e+00 0.000000000000000000e+00 0.000000000000000000e+00 0.000000000000000000e+00
1.017183754000000029e+01 0.000000000000000000e+00 0.000000000000000000e+00 0.000000000000000000e+00 0.000000000000000000e+00 0.000000000000000000e+00 0.000000000000000000e+00
1.019727920999999959e+01 0.000000000000000000e+00 0.000000000000000000e+00 0.000000000000000000e+00 0.000000000000000000e+00 0.000000000000000000e+00 0.000000000000000000e+00
1.022270853000000024e+01 0.000000000000000000e+00 0.000000000000000000e+00 0.000000000000000000e+00 0.000000000000000000e+00 0.000000000000000000e+00 0.000000000000000000e+00
1.024812348000000028e+01 0.000000000000000000e+00 0.000000000000000000e+00 0.000000000000000000e+00 0.000000000000000000e+00 0.000000000000000000e+00 0.000000000000000000e+00
1.027352589000000016e+01 0.000000000000000000e+00 0.000000000000000000e+00 0.000000000000000000e+00 0.000000000000000000e+00 0.000000000000000000e+00 0.000000000000000000e+00
1.029891281999999997e+01 0.000000000000000000e+00 0.000000000000000000e+00 0.000000000000000000e+00 0.000000000000000000e+00 0.000000000000000000e+00 0.000000000000000000e+00
1.032428894000000064e+01 0.000000000000000000e+00 0.000000000000000000e+00 0.000000000000000000e+00 0.000000000000000000e+00 0.000000000000000000e+00 0.000000000000000000e+00
1.034964845000000011e+01 0.000000000000000000e+00 0.000000000000000000e+00 0.000000000000000000e+00 0.000000000000000000e+00 0.000000000000000000e+00 0.000000000000000000e+00
1.037499509000000053e+01 0.000000000000000000e+00 0.000000000000000000e+00 0.000000000000000000e+00 0.000000000000000000e+00 0.000000000000000000e+00 0.000000000000000000e+00
1.040032874999999990e+01 0.000000000000000000e+00 0.000000000000000000e+00 0.000000000000000000e+00 0.000000000000000000e+00 0.000000000000000000e+00 0.000000000000000000e+00
1.042564746000000042e+01 0.000000000000000000e+00 0.000000000000000000e+00 0.000000000000000000e+00 0.000000000000000000e+00 0.000000000000000000e+00 0.000000000000000000e+00
1.045095303000000087e+01 0.000000000000000000e+00 0.000000000000000000e+00 0.000000000000000000e+00 0.000000000000000000e+00 0.000000000000000000e+00 0.000000000000000000e+00
1.047624255000000026e+01 0.000000000000000000e+00 0.000000000000000000e+00 0.000000000000000000e+00 0.000000000000000000e+00 0.000000000000000000e+00 0.000000000000000000e+00
1.050151877000000056e+01 0.000000000000000000e+00 0.000000000000000000e+00 0.000000000000000000e+00 0.000000000000000000e+00 0.000000000000000000e+00 0.000000000000000000e+00
1.052678161999999951e+01 0.000000000000000000e+00 0.000000000000000000e+00 0.000000000000000000e+00 0.000000000000000000e+00 0.000000000000000000e+00 0.000000000000000000e+00
1.055203005999999988e+01 0.000000000000000000e+00 0.000000000000000000e+00 0.000000000000000000e+00 0.000000000000000000e+00 0.000000000000000000e+00 0.000000000000000000e+00
1.057726307000000077e+01 0.000000000000000000e+00 0.000000000000000000e+00 0.000000000000000000e+00 0.000000000000000000e+00 0.000000000000000000e+00 0.000000000000000000e+00
1.060248153000000038e+01 0.000000000000000000e+00 0.000000000000000000e+00 0.000000000000000000e+00 0.000000000000000000e+00 0.000000000000000000e+00 0.000000000000000000e+00
1.062768628999999976e+01 0.000000000000000000e+00 0.000000000000000000e+00 0.000000000000000000e+00 0.000000000000000000e+00 0.000000000000000000e+00 0.000000000000000000e+00
1.065287541000000004e+01 0.000000000000000000e+00 0.000000000000000000e+00 0.000000000000000000e+00 0.000000000000000000e+00 0.000000000000000000e+00 0.000000000000000000e+00
1.067804972999999968e+01 0.000000000000000000e+00 0.000000000000000000e+00 0.000000000000000000e+00 0.000000000000000000e+00 0.000000000000000000e+00 0.000000000000000000e+00
1.070321013999999948e+01 0.000000000000000000e+00 0.000000000000000000e+00 0.000000000000000000e+00 0.000000000000000000e+00 0.000000000000000000e+00 0.000000000000000000e+00
1.072835466999999987e+01 0.000000000000000000e+00 0.000000000000000000e+00 0.000000000000000000e+00 0.000000000000000000e+00 0.000000000000000000e+00 0.000000000000000000e+00
1.075348420000000083e+01 0.000000000000000000e+00 0.000000000000000000e+00 0.000000000000000000e+00 0.000000000000000000e+00 0.000000000000000000e+00 0.000000000000000000e+00
1.077859864999999928e+01 0.000000000000000000e+00 0.000000000000000000e+00 0.000000000000000000e+00 0.000000000000000000e+00 0.000000000000000000e+00 0.000000000000000000e+00
1.080369888999999972e+01 0.000000000000000000e+00 0.000000000000000000e+00 0.000000000000000000e+00 0.000000000000000000e+00 0.000000000000000000e+00 0.000000000000000000e+00
1.082878297000000067e+01 0.000000000000000000e+00 0.000000000000000000e+00 0.000000000000000000e+00 0.000000000000000000e+00 0.000000000000000000e+00 0.000000000000000000e+00
1.085385175999999952e+01 0.000000000000000000e+00 0.000000000000000000e+00 0.000000000000000000e+00 0.000000000000000000e+00 0.000000000000000000e+00 0.000000000000000000e+00
1.087890613000000073e+01 0.000000000000000000e+00 0.000000000000000000e+00 0.000000000000000000e+00 0.000000000000000000e+00 0.000000000000000000e+00 0.000000000000000000e+00
1.090394507000000068e+01 0.000000000000000000e+00 0.000000000000000000e+00 0.000000000000000000e+00 0.000000000000000000e+00 0.000000000000000000e+00 0.000000000000000000e+00
1.092896758000000013e+01 0.000000000000000000e+00 0.000000000000000000e+00 0.000000000000000000e+00 0.000000000000000000e+00 0.000000000000000000e+00 0.000000000000000000e+00
1.095397451999999916e+01 0.000000000000000000e+00 0.000000000000000000e+00 0.000000000000000000e+00 0.000000000000000000e+00 0.000000000000000000e+00 0.000000000000000000e+00
1.097896584000000075e+01 0.000000000000000000e+00 0.000000000000000000e+00 0.000000000000000000e+00 0.000000000000000000e+00 0.000000000000000000e+00 0.000000000000000000e+00
1.100394239000000063e+01 0.000000000000000000e+00 0.000000000000000000e+00 0.000000000000000000e+00 0.000000000000000000e+00 0.000000000000000000e+00 0.000000000000000000e+00
1.102890224999999980e+01 0.000000000000000000e+00 0.000000000000000000e+00 0.000000000000000000e+00 0.000000000000000000e+00 0.000000000000000000e+00 0.000000000000000000e+00
1.105384628999999919e+01 0.000000000000000000e+00 0.000000000000000000e+00 0.000000000000000000e+00 0.000000000000000000e+00 0.000000000000000000e+00 0.000000000000000000e+00
1.107877444000000011e+01 0.000000000000000000e+00 0.000000000000000000e+00 0.000000000000000000e+00 0.000000000000000000e+00 0.000000000000000000e+00 0.000000000000000000e+00
1.110368850000000052e+01 0.000000000000000000e+00 0.000000000000000000e+00 0.000000000000000000e+00 0.000000000000000000e+00 0.000000000000000000e+00 0.000000000000000000e+00
1.112858282000000010e+01 0.000000000000000000e+00 0.000000000000000000e+00 0.000000000000000000e+00 0.000000000000000000e+00 0.000000000000000000e+00 0.000000000000000000e+00
1.115346480000000007e+01 0.000000000000000000e+00 0.000000000000000000e+00 0.000000000000000000e+00 0.000000000000000000e+00 0.000000000000000000e+00 0.000000000000000000e+00
1.117832877000000025e+01 0.000000000000000000e+00 0.000000000000000000e+00 0.000000000000000000e+00 0.000000000000000000e+00 0.000000000000000000e+00 0.000000000000000000e+00
1.120317655000000023e+01 0.000000000000000000e+00 0.000000000000000000e+00 0.000000000000000000e+00 0.000000000000000000e+00 0.000000000000000000e+00 0.000000000000000000e+00
1.122800900000000013e+01 0.000000000000000000e+00 0.000000000000000000e+00 0.000000000000000000e+00 0.000000000000000000e+00 0.000000000000000000e+00 0.000000000000000000e+00
1.125282327999999943e+01 0.000000000000000000e+00 0.000000000000000000e+00 0.000000000000000000e+00 0.000000000000000000e+00 0.000000000000000000e+00 0.000000000000000000e+00
1.127762305000000076e+01 0.000000000000000000e+00 0.000000000000000000e+00 0.000000000000000000e+00 0.000000000000000000e+00 0.000000000000000000e+00 0.000000000000000000e+00
1.130240638000000075e+01 0.000000000000000000e+00 0.000000000000000000e+00 0.000000000000000000e+00 0.000000000000000000e+00 0.000000000000000000e+00 0.000000000000000000e+00
1.132717137999999935e+01 0.000000000000000000e+00 0.000000000000000000e+00 0.000000000000000000e+00 0.000000000000000000e+00 0.000000000000000000e+00 0.000000000000000000e+00
1.135192261000000080e+01 0.000000000000000000e+00 0.000000000000000000e+00 0.000000000000000000e+00 0.000000000000000000e+00 0.000000000000000000e+00 0.000000000000000000e+00
1.137665445999999925e+01 0.000000000000000000e+00 0.000000000000000000e+00 0.000000000000000000e+00 0.000000000000000000e+00 0.000000000000000000e+00 0.000000000000000000e+00
1.140137151000000060e+01 0.000000000000000000e+00 0.000000000000000000e+00 0.000000000000000000e+00 0.000000000000000000e+00 0.000000000000000000e+00 0.000000000000000000e+00
1.142607092000000080e+01 0.000000000000000000e+00 0.000000000000000000e+00 0.000000000000000000e+00 0.000000000000000000e+00 0.000000000000000000e+00 0.000000000000000000e+00
1.145075356999999983e+01 0.000000000000000000e+00 0.000000000000000000e+00 0.000000000000000000e+00 0.000000000000000000e+00 0.000000000000000000e+00 0.000000000000000000e+00
1.147542033000000039e+01 0.000000000000000000e+00 0.000000000000000000e+00 0.000000000000000000e+00 0.000000000000000000e+00 0.000000000000000000e+00 0.000000000000000000e+00
1.150006838000000009e+01 0.000000000000000000e+00 0.000000000000000000e+00 0.000000000000000000e+00 0.000000000000000000e+00 0.000000000000000000e+00 0.000000000000000000e+00
1.152470042999999933e+01 0.000000000000000000e+00 0.000000000000000000e+00 0.000000000000000000e+00 0.000000000000000000e+00 0.000000000000000000e+00 0.000000000000000000e+00
1.154931642999999930e+01 0.000000000000000000e+00 0.000000000000000000e+00 0.000000000000000000e+00 0.000000000000000000e+00 0.000000000000000000e+00 0.000000000000000000e+00
1.157391357000000021e+01 0.000000000000000000e+00 0.000000000000000000e+00 0.000000000000000000e+00 0.000000000000000000e+00 0.000000000000000000e+00 0.000000000000000000e+00
1.159849731999999989e+01 0.000000000000000000e+00 0.000000000000000000e+00 0.000000000000000000e+00 0.000000000000000000e+00 0.000000000000000000e+00 0.000000000000000000e+00
1.162306026000000081e+01 0.000000000000000000e+00 0.000000000000000000e+00 0.000000000000000000e+00 0.000000000000000000e+00 0.000000000000000000e+00 0.000000000000000000e+00
1.164760695999999918e+01 0.000000000000000000e+00 0.000000000000000000e+00 0.000000000000000000e+00 0.000000000000000000e+00 0.000000000000000000e+00 0.000000000000000000e+00
1.167213734999999986e+01 0.000000000000000000e+00 0.000000000000000000e+00 0.000000000000000000e+00 0.000000000000000000e+00 0.000000000000000000e+00 0.000000000000000000e+00
1.169664956999999994e+01 0.000000000000000000e+00 0.000000000000000000e+00 0.000000000000000000e+00 0.000000000000000000e+00 0.000000000000000000e+00 0.000000000000000000e+00
1.172114447000000048e+01 0.000000000000000000e+00 0.000000000000000000e+00 0.000000000000000000e+00 0.000000000000000000e+00 0.000000000000000000e+00 0.000000000000000000e+00
1.174562200999999995e+01 0.000000000000000000e+00 0.000000000000000000e+00 0.000000000000000000e+00 0.000000000000000000e+00 0.000000000000000000e+00 0.000000000000000000e+00
1.177008305999999926e+01 0.000000000000000000e+00 0.000000000000000000e+00 0.000000000000000000e+00 0.000000000000000000e+00 0.000000000000000000e+00 0.000000000000000000e+00
1.179452573999999920e+01 0.000000000000000000e+00 0.000000000000000000e+00 0.000000000000000000e+00 0.000000000000000000e+00 0.000000000000000000e+00 0.000000000000000000e+00
1.181895276000000017e+01 0.000000000000000000e+00 0.000000000000000000e+00 0.000000000000000000e+00 0.000000000000000000e+00 0.000000000000000000e+00 0.000000000000000000e+00
1.184335950000000004e+01 0.000000000000000000e+00 0.000000000000000000e+00 0.000000000000000000e+00 0.000000000000000000e+00 0.000000000000000000e+00 0.000000000000000000e+00
1.186774957000000086e+01 0.000000000000000000e+00 0.000000000000000000e+00 0.000000000000000000e+00 0.000000000000000000e+00 0.000000000000000000e+00 0.000000000000000000e+00
1.189212292999999931e+01 0.000000000000000000e+00 0.000000000000000000e+00 0.000000000000000000e+00 0.000000000000000000e+00 0.000000000000000000e+00 0.000000000000000000e+00
1.191647769999999973e+01 0.000000000000000000e+00 0.000000000000000000e+00 0.000000000000000000e+00 0.000000000000000000e+00 0.000000000000000000e+00 0.000000000000000000e+00
1.194081386000000045e+01 0.000000000000000000e+00 0.000000000000000000e+00 0.000000000000000000e+00 0.000000000000000000e+00 0.000000000000000000e+00 0.000000000000000000e+00
1.196513408999999939e+01 0.000000000000000000e+00 0.000000000000000000e+00 0.000000000000000000e+00 0.000000000000000000e+00 0.000000000000000000e+00 0.000000000000000000e+00
1.198943651999999993e+01 0.000000000000000000e+00 0.000000000000000000e+00 0.000000000000000000e+00 0.000000000000000000e+00 0.000000000000000000e+00 0.000000000000000000e+00
1.201372111999999959e+01 0.000000000000000000e+00 0.000000000000000000e+00 0.000000000000000000e+00 0.000000000000000000e+00 0.000000000000000000e+00 0.000000000000000000e+00
1.203798693999999969e+01 0.000000000000000000e+00 0.000000000000000000e+00 0.000000000000000000e+00 0.000000000000000000e+00 0.000000000000000000e+00 0.000000000000000000e+00
1.206223484999999940e+01 0.000000000000000000e+00 0.000000000000000000e+00 0.000000000000000000e+00 0.000000000000000000e+00 0.000000000000000000e+00 0.000000000000000000e+00
1.208646571999999964e+01 0.000000000000000000e+00 0.000000000000000000e+00 0.000000000000000000e+00 0.000000000000000000e+00 0.000000000000000000e+00 0.000000000000000000e+00
1.211067770000000010e+01 0.000000000000000000e+00 0.000000000000000000e+00 0.000000000000000000e+00 0.000000000000000000e+00 0.000000000000000000e+00 0.000000000000000000e+00
1.213487074000000021e+01 0.000000000000000000e+00 0.000000000000000000e+00 0.000000000000000000e+00 0.000000000000000000e+00 0.000000000000000000e+00 0.000000000000000000e+00
1.215904753999999954e+01 0.000000000000000000e+00 0.000000000000000000e+00 0.000000000000000000e+00 0.000000000000000000e+00 0.000000000000000000e+00 0.000000000000000000e+00
1.218320532999999983e+01 0.000000000000000000e+00 0.000000000000000000e+00 0.000000000000000000e+00 0.000000000000000000e+00 0.000000000000000000e+00 0.000000000000000000e+00
1.220734588999999914e+01 0.000000000000000000e+00 0.000000000000000000e+00 0.000000000000000000e+00 0.000000000000000000e+00 0.000000000000000000e+00 0.000000000000000000e+00
1.223146737999999978e+01 0.000000000000000000e+00 0.000000000000000000e+00 0.000000000000000000e+00 0.000000000000000000e+00 0.000000000000000000e+00 0.000000000000000000e+00
1.225557067000000089e+01 0.000000000000000000e+00 0.000000000000000000e+00 0.000000000000000000e+00 0.000000000000000000e+00 0.000000000000000000e+00 0.000000000000000000e+00
1.227965662000000080e+01 0.000000000000000000e+00 0.000000000000000000e+00 0.000000000000000000e+00 0.000000000000000000e+00 0.000000000000000000e+00 0.000000000000000000e+00
1.230372340000000086e+01 0.000000000000000000e+00 0.000000000000000000e+00 0.000000000000000000e+00 0.000000000000000000e+00 0.000000000000000000e+00 0.000000000000000000e+00
1.232777186999999941e+01 0.000000000000000000e+00 0.000000000000000000e+00 0.000000000000000000e+00 0.000000000000000000e+00 0.000000000000000000e+00 0.000000000000000000e+00
1.235180199999999928e+01 0.000000000000000000e+00 0.000000000000000000e+00 0.000000000000000000e+00 0.000000000000000000e+00 0.000000000000000000e+00 0.000000000000000000e+00
1.237581375999999977e+01 0.000000000000000000e+00 0.000000000000000000e+00 0.000000000000000000e+00 0.000000000000000000e+00 0.000000000000000000e+00 0.000000000000000000e+00
1.239980802000000004e+01 0.000000000000000000e+00 0.000000000000000000e+00 0.000000000000000000e+00 0.000000000000000000e+00 0.000000000000000000e+00 0.000000000000000000e+00
1.242378384999999952e+01 0.000000000000000000e+00 0.000000000000000000e+00 0.000000000000000000e+00 0.000000000000000000e+00 0.000000000000000000e+00 0.000000000000000000e+00
1.244774031000000036e+01 0.000000000000000000e+00 0.000000000000000000e+00 0.000000000000000000e+00 0.000000000000000000e+00 0.000000000000000000e+00 0.000000000000000000e+00
1.247167738999999997e+01 0.000000000000000000e+00 0.000000000000000000e+00 0.000000000000000000e+00 0.000000000000000000e+00 0.000000000000000000e+00 0.000000000000000000e+00
1.249559773000000007e+01 0.000000000000000000e+00 0.000000000000000000e+00 0.000000000000000000e+00 0.000000000000000000e+00 0.000000000000000000e+00 0.000000000000000000e+00
1.251949950999999928e+01 0.000000000000000000e+00 0.000000000000000000e+00 0.000000000000000000e+00 0.000000000000000000e+00 0.000000000000000000e+00 0.000000000000000000e+00
1.254338182000000046e+01 0.000000000000000000e+00 0.000000000000000000e+00 0.000000000000000000e+00 0.000000000000000000e+00 0.000000000000000000e+00 0.000000000000000000e+00
1.256724640999999920e+01 0.000000000000000000e+00 0.000000000000000000e+00 0.000000000000000000e+00 0.000000000000000000e+00 0.000000000000000000e+00 0.000000000000000000e+00
1.259109057999999948e+01 0.000000000000000000e+00 0.000000000000000000e+00 0.000000000000000000e+00 0.000000000000000000e+00 0.000000000000000000e+00 0.000000000000000000e+00
1.261491876000000012e+01 0.000000000000000000e+00 0.000000000000000000e+00 0.000000000000000000e+00 0.000000000000000000e+00 0.000000000000000000e+00 0.000000000000000000e+00
1.263872646000000088e+01 0.000000000000000000e+00 0.000000000000000000e+00 0.000000000000000000e+00 0.000000000000000000e+00 0.000000000000000000e+00 0.000000000000000000e+00
1.266251543999999996e+01 0.000000000000000000e+00 0.000000000000000000e+00 0.000000000000000000e+00 0.000000000000000000e+00 0.000000000000000000e+00 0.000000000000000000e+00
1.268628477999999937e+01 0.000000000000000000e+00 0.000000000000000000e+00 0.000000000000000000e+00 0.000000000000000000e+00 0.000000000000000000e+00 0.000000000000000000e+00
1.271003624000000087e+01 0.000000000000000000e+00 0.000000000000000000e+00 0.000000000000000000e+00 0.000000000000000000e+00 0.000000000000000000e+00 0.000000000000000000e+00
1.273376979999999925e+01 0.000000000000000000e+00 0.000000000000000000e+00 0.000000000000000000e+00 0.000000000000000000e+00 0.000000000000000000e+00 0.000000000000000000e+00
1.275748364000000024e+01 0.000000000000000000e+00 0.000000000000000000e+00 0.000000000000000000e+00 0.000000000000000000e+00 0.000000000000000000e+00 0.000000000000000000e+00
1.278117864000000026e+01 0.000000000000000000e+00 0.000000000000000000e+00 0.000000000000000000e+00 0.000000000000000000e+00 0.000000000000000000e+00 0.000000000000000000e+00
1.280485565000000037e+01 0.000000000000000000e+00 0.000000000000000000e+00 0.000000000000000000e+00 0.000000000000000000e+00 0.000000000000000000e+00 0.000000000000000000e+00
1.282851465999999974e+01 0.000000000000000000e+00 0.000000000000000000e+00 0.000000000000000000e+00 0.000000000000000000e+00 0.000000000000000000e+00 0.000000000000000000e+00
1.285215297000000056e+01 0.000000000000000000e+00 0.000000000000000000e+00 0.000000000000000000e+00 0.000000000000000000e+00 0.000000000000000000e+00 0.000000000000000000e+00
1.287577059000000013e+01 0.000000000000000000e+00 0.000000000000000000e+00 0.000000000000000000e+00 0.000000000000000000e+00 0.000000000000000000e+00 0.000000000000000000e+00
1.289937276999999938e+01 0.000000000000000000e+00 0.000000000000000000e+00 0.000000000000000000e+00 0.000000000000000000e+00 0.000000000000000000e+00 0.000000000000000000e+00
1.292295421000000033e+01 0.000000000000000000e+00 0.000000000000000000e+00 0.000000000000000000e+00 0.000000000000000000e+00 0.000000000000000000e+00 0.000000000000000000e+00
1.294651664000000046e+01 0.000000000000000000e+00 0.000000000000000000e+00 0.000000000000000000e+00 0.000000000000000000e+00 0.000000000000000000e+00 0.000000000000000000e+00
1.297006005000000073e+01 0.000000000000000000e+00 0.000000000000000000e+00 0.000000000000000000e+00 0.000000000000000000e+00 0.000000000000000000e+00 0.000000000000000000e+00
1.299358529000000040e+01 0.000000000000000000e+00 0.000000000000000000e+00 0.000000000000000000e+00 0.000000000000000000e+00 0.000000000000000000e+00 0.000000000000000000e+00
1.301709147000000044e+01 0.000000000000000000e+00 0.000000000000000000e+00 0.000000000000000000e+00 0.000000000000000000e+00 0.000000000000000000e+00 0.000000000000000000e+00
1.304057768000000017e+01 0.000000000000000000e+00 0.000000000000000000e+00 0.000000000000000000e+00 0.000000000000000000e+00 0.000000000000000000e+00 0.000000000000000000e+00
1.306404479000000052e+01 0.000000000000000000e+00 0.000000000000000000e+00 0.000000000000000000e+00 0.000000000000000000e+00 0.000000000000000000e+00 0.000000000000000000e+00
1.308749189000000079e+01 0.000000000000000000e+00 0.000000000000000000e+00 0.000000000000000000e+00 0.000000000000000000e+00 0.000000000000000000e+00 0.000000000000000000e+00
1.311092249000000010e+01 0.000000000000000000e+00 0.000000000000000000e+00 0.000000000000000000e+00 0.000000000000000000e+00 0.000000000000000000e+00 0.000000000000000000e+00
1.313433129999999949e+01 0.000000000000000000e+00 0.000000000000000000e+00 0.000000000000000000e+00 0.000000000000000000e+00 0.000000000000000000e+00 0.000000000000000000e+00
1.315772180999999996e+01 0.000000000000000000e+00 0.000000000000000000e+00 0.000000000000000000e+00 0.000000000000000000e+00 0.000000000000000000e+00 0.000000000000000000e+00
1.318109487000000080e+01 0.000000000000000000e+00 0.000000000000000000e+00 0.000000000000000000e+00 0.000000000000000000e+00 0.000000000000000000e+00 0.000000000000000000e+00
1.320444610000000019e+01 0.000000000000000000e+00 0.000000000000000000e+00 0.000000000000000000e+00 0.000000000000000000e+00 0.000000000000000000e+00 0.000000000000000000e+00
1.322777984999999923e+01 0.000000000000000000e+00 0.000000000000000000e+00 0.000000000000000000e+00 0.000000000000000000e+00 0.000000000000000000e+00 0.000000000000000000e+00
1.325109261000000060e+01 0.000000000000000000e+00 0.000000000000000000e+00 0.000000000000000000e+00 0.000000000000000000e+00 0.000000000000000000e+00 0.000000000000000000e+00
1.327438873000000008e+01 0.000000000000000000e+00 0.000000000000000000e+00 0.000000000000000000e+00 0.000000000000000000e+00 0.000000000000000000e+00 0.000000000000000000e+00
1.329766294999999943e+01 0.000000000000000000e+00 0.000000000000000000e+00 0.000000000000000000e+00 0.000000000000000000e+00 0.000000000000000000e+00 0.000000000000000000e+00
1.332091963000000057e+01 0.000000000000000000e+00 0.000000000000000000e+00 0.000000000000000000e+00 0.000000000000000000e+00 0.000000000000000000e+00 0.000000000000000000e+00
1.334415700999999999e+01 0.000000000000000000e+00 0.000000000000000000e+00 0.000000000000000000e+00 0.000000000000000000e+00 0.000000000000000000e+00 0.000000000000000000e+00
1.336737418999999960e+01 0.000000000000000000e+00 0.000000000000000000e+00 0.000000000000000000e+00 0.000000000000000000e+00 0.000000000000000000e+00 0.000000000000000000e+00
1.339057204999999939e+01 0.000000000000000000e+00 0.000000000000000000e+00 0.000000000000000000e+00 0.000000000000000000e+00 0.000000000000000000e+00 0.000000000000000000e+00
1.341375142999999959e+01 0.000000000000000000e+00 0.000000000000000000e+00 0.000000000000000000e+00 0.000000000000000000e+00 0.000000000000000000e+00 0.000000000000000000e+00
1.343691057999999927e+01 0.000000000000000000e+00 0.000000000000000000e+00 0.000000000000000000e+00 0.000000000000000000e+00 0.000000000000000000e+00 0.000000000000000000e+00
1.346005122000000043e+01 0.000000000000000000e+00 0.000000000000000000e+00 0.000000000000000000e+00 0.000000000000000000e+00 0.000000000000000000e+00 0.000000000000000000e+00
1.348317074999999932e+01 0.000000000000000000e+00 0.000000000000000000e+00 0.000000000000000000e+00 0.000000000000000000e+00 0.000000000000000000e+00 0.000000000000000000e+00
1.350627262000000073e+01 0.000000000000000000e+00 0.000000000000000000e+00 0.000000000000000000e+00 0.000000000000000000e+00 0.000000000000000000e+00 0.000000000000000000e+00
1.352935420999999927e+01 0.000000000000000000e+00 0.000000000000000000e+00 0.000000000000000000e+00 0.000000000000000000e+00 0.000000000000000000e+00 0.000000000000000000e+00
1.355241724999999953e+01 0.000000000000000000e+00 0.000000000000000000e+00 0.000000000000000000e+00 0.000000000000000000e+00 0.000000000000000000e+00 0.000000000000000000e+00
1.357546085000000069e+01 0.000000000000000000e+00 0.000000000000000000e+00 0.000000000000000000e+00 0.000000000000000000e+00 0.000000000000000000e+00 0.000000000000000000e+00
1.359848329000000078e+01 0.000000000000000000e+00 0.000000000000000000e+00 0.000000000000000000e+00 0.000000000000000000e+00 0.000000000000000000e+00 0.000000000000000000e+00
1.362148799999999937e+01 0.000000000000000000e+00 0.000000000000000000e+00 0.000000000000000000e+00 0.000000000000000000e+00 0.000000000000000000e+00 0.000000000000000000e+00
1.364447239999999972e+01 0.000000000000000000e+00 0.000000000000000000e+00 0.000000000000000000e+00 0.000000000000000000e+00 0.000000000000000000e+00 0.000000000000000000e+00
1.366743817999999955e+01 0.000000000000000000e+00 0.000000000000000000e+00 0.000000000000000000e+00 0.000000000000000000e+00 0.000000000000000000e+00 0.000000000000000000e+00
1.369038276000000032e+01 0.000000000000000000e+00 0.000000000000000000e+00 0.000000000000000000e+00 0.000000000000000000e+00 0.000000000000000000e+00 0.000000000000000000e+00
1.371330956999999984e+01 0.000000000000000000e+00 0.000000000000000000e+00 0.000000000000000000e+00 0.000000000000000000e+00 0.000000000000000000e+00 0.000000000000000000e+00
1.371560151999999988e+01 0.000000000000000000e+00 0.000000000000000000e+00 0.000000000000000000e+00 0.000000000000000000e+00 0.000000000000000000e+00 0.000000000000000000e+00
1.371789155999999998e+01 0.000000000000000000e+00 0.000000000000000000e+00 0.000000000000000000e+00 0.000000000000000000e+00 0.000000000000000000e+00 0.000000000000000000e+00
1.372018311999999973e+01 0.000000000000000000e+00 0.000000000000000000e+00 0.000000000000000000e+00 0.000000000000000000e+00 0.000000000000000000e+00 0.000000000000000000e+00
1.372247448999999975e+01 0.000000000000000000e+00 0.000000000000000000e+00 0.000000000000000000e+00 0.000000000000000000e+00 0.000000000000000000e+00 0.000000000000000000e+00
1.372476565999999920e+01 0.000000000000000000e+00 0.000000000000000000e+00 0.000000000000000000e+00 0.000000000000000000e+00 0.000000000000000000e+00 0.000000000000000000e+00
1.372705664000000070e+01 0.000000000000000000e+00 0.000000000000000000e+00 0.000000000000000000e+00 0.000000000000000000e+00 0.000000000000000000e+00 0.000000000000000000e+00
1.372934655999999976e+01 0.000000000000000000e+00 0.000000000000000000e+00 0.000000000000000000e+00 0.000000000000000000e+00 0.000000000000000000e+00 0.000000000000000000e+00
1.373163543000000075e+01 0.000000000000000000e+00 0.000000000000000000e+00 0.000000000000000000e+00 0.000000000000000000e+00 0.000000000000000000e+00 0.000000000000000000e+00
1.373392583000000045e+01 0.000000000000000000e+00 0.000000000000000000e+00 0.000000000000000000e+00 0.000000000000000000e+00 0.000000000000000000e+00 0.000000000000000000e+00
1.373621602000000053e+01 0.000000000000000000e+00 0.000000000000000000e+00 0.000000000000000000e+00 0.000000000000000000e+00 0.000000000000000000e+00 0.000000000000000000e+00
